0 0.152344 0.109375 0.070312 0.143750
0 0.228906 0.109375 0.070312 0.143750
1 0.305469 0.109375 0.070312 0.143750
0 0.382031 0.109375 0.070312 0.143750
1 0.458594 0.109375 0.070312 0.143750
1 0.535156 0.109375 0.070312 0.143750
1 0.611719 0.109375 0.070312 0.143750
1 0.688281 0.109375 0.070312 0.143750
0 0.764844 0.109375 0.070312 0.143750
1 0.841406 0.109375 0.070312 0.143750
1 0.400781 0.338281 0.057813 0.117188
1 0.464844 0.338281 0.057813 0.117188
1 0.528906 0.338281 0.057813 0.117188
0 0.592969 0.338281 0.057813 0.117188