1 0.186523 0.073242 0.146484 0.068359
1 0.340820 0.073242 0.146484 0.068359
1 0.495117 0.073242 0.146484 0.068359
1 0.649414 0.073242 0.146484 0.068359
0 0.803711 0.073242 0.146484 0.068359
1 0.163086 0.271484 0.158203 0.082031
0 0.329102 0.271484 0.158203 0.082031
1 0.495117 0.271484 0.158203 0.082031
0 0.661133 0.271484 0.158203 0.082031
1 0.827148 0.271484 0.158203 0.082031
1 0.115234 0.470703 0.144531 0.070312
1 0.267578 0.470703 0.144531 0.070312
1 0.419922 0.470703 0.144531 0.070312
0 0.572266 0.470703 0.144531 0.070312
1 0.724609 0.470703 0.144531 0.070312
0 0.876953 0.470703 0.144531 0.070312