1 0.136719 0.154297 0.082031 0.128906
1 0.226562 0.154297 0.082031 0.128906
0 0.316406 0.154297 0.082031 0.128906
1 0.406250 0.154297 0.082031 0.128906
1 0.496094 0.154297 0.082031 0.128906
1 0.585938 0.154297 0.082031 0.128906
0 0.675781 0.154297 0.082031 0.128906
1 0.765625 0.154297 0.082031 0.128906
1 0.855469 0.154297 0.082031 0.128906
1 0.226562 0.422852 0.082031 0.138672
1 0.316406 0.422852 0.082031 0.138672
1 0.406250 0.422852 0.082031 0.138672
0 0.496094 0.422852 0.082031 0.138672
1 0.585938 0.422852 0.082031 0.138672
1 0.675781 0.422852 0.082031 0.138672
0 0.765625 0.422852 0.082031 0.138672
1 0.161133 0.696289 0.103516 0.138672
1 0.272461 0.696289 0.103516 0.138672
1 0.383789 0.696289 0.103516 0.138672
1 0.495117 0.696289 0.103516 0.138672
1 0.606445 0.696289 0.103516 0.138672
1 0.717773 0.696289 0.103516 0.138672
1 0.829102 0.696289 0.103516 0.138672