1 0.247070 0.125000 0.091797 0.156250
0 0.346680 0.125000 0.091797 0.156250
1 0.446289 0.125000 0.091797 0.156250
1 0.545898 0.125000 0.091797 0.156250
1 0.645508 0.125000 0.091797 0.156250
1 0.745117 0.125000 0.091797 0.156250
0 0.349609 0.398438 0.089844 0.136719
1 0.447266 0.398438 0.089844 0.136719
1 0.544922 0.398438 0.089844 0.136719
1 0.642578 0.398438 0.089844 0.136719
1 0.256836 0.684570 0.087891 0.181641
1 0.352539 0.684570 0.087891 0.181641
0 0.448242 0.684570 0.087891 0.181641
1 0.543945 0.684570 0.087891 0.181641
1 0.639648 0.684570 0.087891 0.181641
0 0.735352 0.684570 0.087891 0.181641