0 0.113715 0.118924 0.078125 0.123264
1 0.198785 0.118924 0.078125 0.123264
0 0.283854 0.118924 0.078125 0.123264
0 0.368924 0.118924 0.078125 0.123264
1 0.453993 0.118924 0.078125 0.123264
1 0.539062 0.118924 0.078125 0.123264
0 0.624132 0.118924 0.078125 0.123264
0 0.709201 0.118924 0.078125 0.123264
1 0.794271 0.118924 0.078125 0.123264
1 0.879340 0.118924 0.078125 0.123264
1 0.150174 0.371528 0.092014 0.118056
1 0.249132 0.371528 0.092014 0.118056
1 0.348090 0.371528 0.092014 0.118056
0 0.447049 0.371528 0.092014 0.118056
0 0.546007 0.371528 0.092014 0.118056
0 0.644965 0.371528 0.092014 0.118056
0 0.743924 0.371528 0.092014 0.118056
1 0.842882 0.371528 0.092014 0.118056