1 0.113715 0.139757 0.088542 0.164931
0 0.209201 0.139757 0.088542 0.164931
1 0.304688 0.139757 0.088542 0.164931
1 0.400174 0.139757 0.088542 0.164931
0 0.495660 0.139757 0.088542 0.164931
1 0.591146 0.139757 0.088542 0.164931
1 0.686632 0.139757 0.088542 0.164931
0 0.782118 0.139757 0.088542 0.164931
1 0.877604 0.139757 0.088542 0.164931
0 0.218750 0.443576 0.062500 0.126736
1 0.288194 0.443576 0.062500 0.126736
1 0.357639 0.443576 0.062500 0.126736
1 0.427083 0.443576 0.062500 0.126736
0 0.496528 0.443576 0.062500 0.126736
1 0.565972 0.443576 0.062500 0.126736
0 0.635417 0.443576 0.062500 0.126736
1 0.704861 0.443576 0.062500 0.126736
1 0.774306 0.443576 0.062500 0.126736
1 0.188368 0.724826 0.095486 0.119792
1 0.290799 0.724826 0.095486 0.119792
1 0.393229 0.724826 0.095486 0.119792
1 0.495660 0.724826 0.095486 0.119792
1 0.598090 0.724826 0.095486 0.119792
1 0.700521 0.724826 0.095486 0.119792
1 0.802951 0.724826 0.095486 0.119792