0 0.109375 0.119792 0.102083 0.156250
1 0.219792 0.119792 0.102083 0.156250
0 0.330208 0.119792 0.102083 0.156250
0 0.440625 0.119792 0.102083 0.156250
1 0.551042 0.119792 0.102083 0.156250
0 0.661458 0.119792 0.102083 0.156250
1 0.771875 0.119792 0.102083 0.156250
0 0.882292 0.119792 0.102083 0.156250
0 0.183333 0.461458 0.095833 0.164583
1 0.287500 0.461458 0.095833 0.164583
0 0.391667 0.461458 0.095833 0.164583
1 0.495833 0.461458 0.095833 0.164583
0 0.600000 0.461458 0.095833 0.164583
1 0.704167 0.461458 0.095833 0.164583
1 0.808333 0.461458 0.095833 0.164583