0 0.237305 0.153320 0.095703 0.193359
1 0.340820 0.153320 0.095703 0.193359
0 0.444336 0.153320 0.095703 0.193359
0 0.547852 0.153320 0.095703 0.193359
1 0.651367 0.153320 0.095703 0.193359
1 0.754883 0.153320 0.095703 0.193359
1 0.113281 0.475586 0.101562 0.166016
0 0.222656 0.475586 0.101562 0.166016
1 0.332031 0.475586 0.101562 0.166016
1 0.441406 0.475586 0.101562 0.166016
1 0.550781 0.475586 0.101562 0.166016
0 0.660156 0.475586 0.101562 0.166016
1 0.769531 0.475586 0.101562 0.166016
1 0.878906 0.475586 0.101562 0.166016
0 0.174805 0.787109 0.072266 0.171875
0 0.254883 0.787109 0.072266 0.171875
1 0.334961 0.787109 0.072266 0.171875
0 0.415039 0.787109 0.072266 0.171875
1 0.495117 0.787109 0.072266 0.171875
1 0.575195 0.787109 0.072266 0.171875
1 0.655273 0.787109 0.072266 0.171875
0 0.735352 0.787109 0.072266 0.171875
1 0.815430 0.787109 0.072266 0.171875