1 0.182031 0.134375 0.098437 0.146875
1 0.286719 0.134375 0.098437 0.146875
0 0.391406 0.134375 0.098437 0.146875
1 0.496094 0.134375 0.098437 0.146875
1 0.600781 0.134375 0.098437 0.146875
1 0.705469 0.134375 0.098437 0.146875
0 0.810156 0.134375 0.098437 0.146875
1 0.152344 0.410938 0.092188 0.125000
0 0.250781 0.410938 0.092188 0.125000
1 0.349219 0.410938 0.092188 0.125000
0 0.447656 0.410938 0.092188 0.125000
1 0.546094 0.410938 0.092188 0.125000
1 0.644531 0.410938 0.092188 0.125000
1 0.742969 0.410938 0.092188 0.125000
1 0.841406 0.410938 0.092188 0.125000
0 0.141406 0.678125 0.095312 0.128125
1 0.242969 0.678125 0.095312 0.128125
1 0.344531 0.678125 0.095312 0.128125
1 0.446094 0.678125 0.095312 0.128125
1 0.547656 0.678125 0.095312 0.128125
0 0.649219 0.678125 0.095312 0.128125
0 0.750781 0.678125 0.095312 0.128125
0 0.852344 0.678125 0.095312 0.128125