0 0.192188 0.110156 0.115625 0.070312
1 0.314063 0.110156 0.115625 0.070312
1 0.435937 0.110156 0.115625 0.070312
1 0.557813 0.110156 0.115625 0.070312
0 0.679688 0.110156 0.115625 0.070312
1 0.801562 0.110156 0.115625 0.070312
1 0.188281 0.277344 0.117188 0.064062
0 0.311719 0.277344 0.117188 0.064062
0 0.435156 0.277344 0.117188 0.064062
0 0.558594 0.277344 0.117188 0.064062
0 0.682031 0.277344 0.117188 0.064062
1 0.805469 0.277344 0.117188 0.064062
1 0.295312 0.438281 0.128125 0.057813
0 0.429688 0.438281 0.128125 0.057813
0 0.564063 0.438281 0.128125 0.057813
1 0.698438 0.438281 0.128125 0.057813