1 0.146701 0.138021 0.109375 0.133681
1 0.263021 0.138021 0.109375 0.133681
0 0.379340 0.138021 0.109375 0.133681
1 0.495660 0.138021 0.109375 0.133681
1 0.611979 0.138021 0.109375 0.133681
1 0.728299 0.138021 0.109375 0.133681
0 0.844618 0.138021 0.109375 0.133681
0 0.157118 0.432292 0.105903 0.156250
1 0.269965 0.432292 0.105903 0.156250
1 0.382812 0.432292 0.105903 0.156250
1 0.495660 0.432292 0.105903 0.156250
1 0.608507 0.432292 0.105903 0.156250
0 0.721354 0.432292 0.105903 0.156250
0 0.834201 0.432292 0.105903 0.156250
1 0.163194 0.742188 0.104167 0.164931
1 0.274306 0.742188 0.104167 0.164931
0 0.385417 0.742188 0.104167 0.164931
1 0.496528 0.742188 0.104167 0.164931
1 0.607639 0.742188 0.104167 0.164931
1 0.718750 0.742188 0.104167 0.164931
1 0.829861 0.742188 0.104167 0.164931