1 0.162500 0.139583 0.125000 0.170833
0 0.295833 0.139583 0.125000 0.170833
0 0.429167 0.139583 0.125000 0.170833
1 0.562500 0.139583 0.125000 0.170833
0 0.695833 0.139583 0.125000 0.170833
1 0.829167 0.139583 0.125000 0.170833
1 0.112500 0.505208 0.087500 0.160417
1 0.208333 0.505208 0.087500 0.160417
1 0.304167 0.505208 0.087500 0.160417
1 0.400000 0.505208 0.087500 0.160417
1 0.495833 0.505208 0.087500 0.160417
1 0.591667 0.505208 0.087500 0.160417
0 0.687500 0.505208 0.087500 0.160417
0 0.783333 0.505208 0.087500 0.160417
1 0.879167 0.505208 0.087500 0.160417