1 0.141827 0.135817 0.091346 0.161058
1 0.242788 0.135817 0.091346 0.161058
1 0.343750 0.135817 0.091346 0.161058
1 0.444712 0.135817 0.091346 0.161058
0 0.545673 0.135817 0.091346 0.161058
0 0.646635 0.135817 0.091346 0.161058
1 0.747596 0.135817 0.091346 0.161058
1 0.848558 0.135817 0.091346 0.161058
1 0.167067 0.521635 0.084135 0.192308
0 0.260817 0.521635 0.084135 0.192308
1 0.354567 0.521635 0.084135 0.192308
1 0.448317 0.521635 0.084135 0.192308
1 0.542067 0.521635 0.084135 0.192308
0 0.635817 0.521635 0.084135 0.192308
1 0.729567 0.521635 0.084135 0.192308
0 0.823317 0.521635 0.084135 0.192308