1 0.135156 0.089844 0.114062 0.070312
1 0.255469 0.089844 0.114062 0.070312
1 0.375781 0.089844 0.114062 0.070312
1 0.496094 0.089844 0.114062 0.070312
1 0.616406 0.089844 0.114062 0.070312
1 0.736719 0.089844 0.114062 0.070312
0 0.857031 0.089844 0.114062 0.070312
1 0.180469 0.262500 0.151562 0.059375
1 0.338281 0.262500 0.151562 0.059375
0 0.496094 0.262500 0.151562 0.059375
1 0.653906 0.262500 0.151562 0.059375
0 0.811719 0.262500 0.151562 0.059375
1 0.205469 0.432031 0.139063 0.064062
1 0.350781 0.432031 0.139063 0.064062
1 0.496094 0.432031 0.139063 0.064062
1 0.641406 0.432031 0.139063 0.064062
1 0.786719 0.432031 0.139063 0.064062