1 0.206731 0.159856 0.105769 0.156250
0 0.322115 0.159856 0.105769 0.156250
0 0.437500 0.159856 0.105769 0.156250
1 0.552885 0.159856 0.105769 0.156250
1 0.668269 0.159856 0.105769 0.156250
1 0.783654 0.159856 0.105769 0.156250
1 0.158654 0.546875 0.086538 0.161058
0 0.254808 0.546875 0.086538 0.161058
0 0.350962 0.546875 0.086538 0.161058
1 0.447115 0.546875 0.086538 0.161058
1 0.543269 0.546875 0.086538 0.161058
1 0.639423 0.546875 0.086538 0.161058
1 0.735577 0.546875 0.086538 0.161058
1 0.831731 0.546875 0.086538 0.161058