1 0.271875 0.096875 0.068750 0.112500
0 0.346875 0.096875 0.068750 0.112500
1 0.421875 0.096875 0.068750 0.112500
1 0.496875 0.096875 0.068750 0.112500
0 0.571875 0.096875 0.068750 0.112500
1 0.646875 0.096875 0.068750 0.112500
1 0.721875 0.096875 0.068750 0.112500
0 0.313281 0.368750 0.054688 0.121875
0 0.374219 0.368750 0.054688 0.121875
1 0.435156 0.368750 0.054688 0.121875
0 0.496094 0.368750 0.054688 0.121875
1 0.557031 0.368750 0.054688 0.121875
1 0.617969 0.368750 0.054688 0.121875
0 0.678906 0.368750 0.054688 0.121875