1 0.117188 0.091406 0.078125 0.104688
1 0.201563 0.091406 0.078125 0.104688
1 0.285938 0.091406 0.078125 0.104688
0 0.370312 0.091406 0.078125 0.104688
1 0.454688 0.091406 0.078125 0.104688
0 0.539062 0.091406 0.078125 0.104688
1 0.623437 0.091406 0.078125 0.104688
1 0.707812 0.091406 0.078125 0.104688
0 0.792188 0.091406 0.078125 0.104688
0 0.876563 0.091406 0.078125 0.104688
0 0.145313 0.332031 0.071875 0.142187
0 0.223438 0.332031 0.071875 0.142187
1 0.301563 0.332031 0.071875 0.142187
0 0.379688 0.332031 0.071875 0.142187
1 0.457813 0.332031 0.071875 0.142187
0 0.535937 0.332031 0.071875 0.142187
1 0.614062 0.332031 0.071875 0.142187
1 0.692187 0.332031 0.071875 0.142187
1 0.770312 0.332031 0.071875 0.142187
1 0.848437 0.332031 0.071875 0.142187
1 0.261719 0.571875 0.060937 0.103125
0 0.328906 0.571875 0.060937 0.103125
1 0.396094 0.571875 0.060937 0.103125
0 0.463281 0.571875 0.060937 0.103125
0 0.530469 0.571875 0.060937 0.103125
1 0.597656 0.571875 0.060937 0.103125
0 0.664844 0.571875 0.060937 0.103125
1 0.732031 0.571875 0.060937 0.103125
1 0.228906 0.802344 0.070312 0.123438
1 0.305469 0.802344 0.070312 0.123438
1 0.382031 0.802344 0.070312 0.123438
0 0.458594 0.802344 0.070312 0.123438
0 0.535156 0.802344 0.070312 0.123438
1 0.611719 0.802344 0.070312 0.123438
1 0.688281 0.802344 0.070312 0.123438
0 0.764844 0.802344 0.070312 0.123438