0 0.175347 0.111979 0.121528 0.071181
0 0.303819 0.111979 0.121528 0.071181
1 0.432292 0.111979 0.121528 0.071181
1 0.560764 0.111979 0.121528 0.071181
1 0.689236 0.111979 0.121528 0.071181
1 0.817708 0.111979 0.121528 0.071181
1 0.214410 0.309896 0.133681 0.078125
1 0.355035 0.309896 0.133681 0.078125
1 0.495660 0.309896 0.133681 0.078125
0 0.636285 0.309896 0.133681 0.078125
1 0.776910 0.309896 0.133681 0.078125
0 0.200521 0.498264 0.140625 0.052083
1 0.348090 0.498264 0.140625 0.052083
1 0.495660 0.498264 0.140625 0.052083
1 0.643229 0.498264 0.140625 0.052083
1 0.790799 0.498264 0.140625 0.052083
0 0.175347 0.675347 0.121528 0.055556
1 0.303819 0.675347 0.121528 0.055556
1 0.432292 0.675347 0.121528 0.055556
1 0.560764 0.675347 0.121528 0.055556
1 0.689236 0.675347 0.121528 0.055556
0 0.817708 0.675347 0.121528 0.055556