1 0.200721 0.149038 0.108173 0.182692
0 0.318510 0.149038 0.108173 0.182692
1 0.436298 0.149038 0.108173 0.182692
1 0.554087 0.149038 0.108173 0.182692
1 0.671875 0.149038 0.108173 0.182692
1 0.789663 0.149038 0.108173 0.182692
1 0.134615 0.485577 0.110577 0.197115
0 0.254808 0.485577 0.110577 0.197115
0 0.375000 0.485577 0.110577 0.197115
1 0.495192 0.485577 0.110577 0.197115
1 0.615385 0.485577 0.110577 0.197115
1 0.735577 0.485577 0.110577 0.197115
0 0.855769 0.485577 0.110577 0.197115
1 0.257212 0.836538 0.149038 0.211538
1 0.415865 0.836538 0.149038 0.211538
0 0.574519 0.836538 0.149038 0.211538
1 0.733173 0.836538 0.149038 0.211538