1 0.145833 0.129167 0.091667 0.137500
1 0.245833 0.129167 0.091667 0.137500
1 0.345833 0.129167 0.091667 0.137500
1 0.445833 0.129167 0.091667 0.137500
1 0.545833 0.129167 0.091667 0.137500
1 0.645833 0.129167 0.091667 0.137500
1 0.745833 0.129167 0.091667 0.137500
1 0.845833 0.129167 0.091667 0.137500
1 0.282292 0.466667 0.097917 0.195833
1 0.388542 0.466667 0.097917 0.195833
1 0.494792 0.466667 0.097917 0.195833
1 0.601042 0.466667 0.097917 0.195833
1 0.707292 0.466667 0.097917 0.195833
0 0.119792 0.805208 0.085417 0.139583
1 0.213542 0.805208 0.085417 0.139583
1 0.307292 0.805208 0.085417 0.139583
1 0.401042 0.805208 0.085417 0.139583
0 0.494792 0.805208 0.085417 0.139583
1 0.588542 0.805208 0.085417 0.139583
0 0.682292 0.805208 0.085417 0.139583
1 0.776042 0.805208 0.085417 0.139583
1 0.869792 0.805208 0.085417 0.139583