0 0.156250 0.137695 0.105469 0.169922
1 0.269531 0.137695 0.105469 0.169922
1 0.382812 0.137695 0.105469 0.169922
1 0.496094 0.137695 0.105469 0.169922
1 0.609375 0.137695 0.105469 0.169922
0 0.722656 0.137695 0.105469 0.169922
0 0.835938 0.137695 0.105469 0.169922
1 0.147461 0.424805 0.091797 0.166016
1 0.247070 0.424805 0.091797 0.166016
1 0.346680 0.424805 0.091797 0.166016
0 0.446289 0.424805 0.091797 0.166016
0 0.545898 0.424805 0.091797 0.166016
1 0.645508 0.424805 0.091797 0.166016
1 0.745117 0.424805 0.091797 0.166016
1 0.844727 0.424805 0.091797 0.166016
1 0.125977 0.702148 0.115234 0.150391
1 0.249023 0.702148 0.115234 0.150391
0 0.372070 0.702148 0.115234 0.150391
0 0.495117 0.702148 0.115234 0.150391
0 0.618164 0.702148 0.115234 0.150391
1 0.741211 0.702148 0.115234 0.150391
0 0.864258 0.702148 0.115234 0.150391