0 0.158333 0.143750 0.104167 0.158333
1 0.270833 0.143750 0.104167 0.158333
1 0.383333 0.143750 0.104167 0.158333
0 0.495833 0.143750 0.104167 0.158333
0 0.608333 0.143750 0.104167 0.158333
1 0.720833 0.143750 0.104167 0.158333
1 0.833333 0.143750 0.104167 0.158333
1 0.163542 0.458333 0.102083 0.141667
0 0.273958 0.458333 0.102083 0.141667
0 0.384375 0.458333 0.102083 0.141667
1 0.494792 0.458333 0.102083 0.141667
1 0.605208 0.458333 0.102083 0.141667
1 0.715625 0.458333 0.102083 0.141667
1 0.826042 0.458333 0.102083 0.141667
1 0.287500 0.782292 0.075000 0.177083
1 0.370833 0.782292 0.075000 0.177083
1 0.454167 0.782292 0.075000 0.177083
1 0.537500 0.782292 0.075000 0.177083
1 0.620833 0.782292 0.075000 0.177083
1 0.704167 0.782292 0.075000 0.177083