1 0.202344 0.130469 0.067187 0.110937
0 0.275781 0.130469 0.067187 0.110937
0 0.349219 0.130469 0.067187 0.110937
1 0.422656 0.130469 0.067187 0.110937
1 0.496094 0.130469 0.067187 0.110937
0 0.569531 0.130469 0.067187 0.110937
1 0.642969 0.130469 0.067187 0.110937
1 0.716406 0.130469 0.067187 0.110937
0 0.789844 0.130469 0.067187 0.110937
1 0.145313 0.371094 0.071875 0.114062
1 0.223438 0.371094 0.071875 0.114062
1 0.301563 0.371094 0.071875 0.114062
0 0.379688 0.371094 0.071875 0.114062
1 0.457813 0.371094 0.071875 0.114062
1 0.535937 0.371094 0.071875 0.114062
1 0.614062 0.371094 0.071875 0.114062
1 0.692187 0.371094 0.071875 0.114062
1 0.770312 0.371094 0.071875 0.114062
0 0.848437 0.371094 0.071875 0.114062
1 0.267188 0.616406 0.059375 0.120313
0 0.332813 0.616406 0.059375 0.120313
1 0.398438 0.616406 0.059375 0.120313
0 0.464062 0.616406 0.059375 0.120313
0 0.529687 0.616406 0.059375 0.120313
1 0.595313 0.616406 0.059375 0.120313
1 0.660937 0.616406 0.059375 0.120313
0 0.726562 0.616406 0.059375 0.120313