0 0.278125 0.109375 0.081250 0.131250
0 0.365625 0.109375 0.081250 0.131250
0 0.453125 0.109375 0.081250 0.131250
1 0.540625 0.109375 0.081250 0.131250
0 0.628125 0.109375 0.081250 0.131250
1 0.715625 0.109375 0.081250 0.131250
1 0.184375 0.378906 0.071875 0.132812
1 0.262500 0.378906 0.071875 0.132812
0 0.340625 0.378906 0.071875 0.132812
0 0.418750 0.378906 0.071875 0.132812
0 0.496875 0.378906 0.071875 0.132812
0 0.575000 0.378906 0.071875 0.132812
1 0.653125 0.378906 0.071875 0.132812
0 0.731250 0.378906 0.071875 0.132812
0 0.809375 0.378906 0.071875 0.132812
1 0.207031 0.638281 0.076563 0.110937
0 0.289844 0.638281 0.076563 0.110937
1 0.372656 0.638281 0.076563 0.110937
1 0.455469 0.638281 0.076563 0.110937
1 0.538281 0.638281 0.076563 0.110937
1 0.621094 0.638281 0.076563 0.110937
1 0.703906 0.638281 0.076563 0.110937
1 0.786719 0.638281 0.076563 0.110937