1 0.189583 0.129167 0.195833 0.091667
1 0.393750 0.129167 0.195833 0.091667
0 0.597917 0.129167 0.195833 0.091667
1 0.802083 0.129167 0.195833 0.091667
0 0.173958 0.405208 0.152083 0.072917
1 0.334375 0.405208 0.152083 0.072917
1 0.494792 0.405208 0.152083 0.072917
0 0.655208 0.405208 0.152083 0.072917
0 0.815625 0.405208 0.152083 0.072917
1 0.173958 0.682292 0.152083 0.093750
1 0.334375 0.682292 0.152083 0.093750
1 0.494792 0.682292 0.152083 0.093750
0 0.655208 0.682292 0.152083 0.093750
1 0.815625 0.682292 0.152083 0.093750