1 0.125868 0.130208 0.098958 0.131944
1 0.231771 0.130208 0.098958 0.131944
1 0.337674 0.130208 0.098958 0.131944
1 0.443576 0.130208 0.098958 0.131944
0 0.549479 0.130208 0.098958 0.131944
1 0.655382 0.130208 0.098958 0.131944
0 0.761285 0.130208 0.098958 0.131944
1 0.867188 0.130208 0.098958 0.131944
1 0.121528 0.397569 0.086806 0.149306
1 0.215278 0.397569 0.086806 0.149306
1 0.309028 0.397569 0.086806 0.149306
1 0.402778 0.397569 0.086806 0.149306
1 0.496528 0.397569 0.086806 0.149306
0 0.590278 0.397569 0.086806 0.149306
1 0.684028 0.397569 0.086806 0.149306
1 0.777778 0.397569 0.086806 0.149306
0 0.871528 0.397569 0.086806 0.149306
1 0.309028 0.676215 0.086806 0.154514
1 0.402778 0.676215 0.086806 0.154514
1 0.496528 0.676215 0.086806 0.154514
0 0.590278 0.676215 0.086806 0.154514
1 0.684028 0.676215 0.086806 0.154514