1 0.251736 0.098090 0.156250 0.060764
0 0.414931 0.098090 0.156250 0.060764
1 0.578125 0.098090 0.156250 0.060764
0 0.741319 0.098090 0.156250 0.060764
1 0.193576 0.296875 0.144097 0.052083
1 0.344618 0.296875 0.144097 0.052083
1 0.495660 0.296875 0.144097 0.052083
0 0.646701 0.296875 0.144097 0.052083
1 0.797743 0.296875 0.144097 0.052083
1 0.177083 0.499132 0.152778 0.067708
1 0.336806 0.499132 0.152778 0.067708
1 0.496528 0.499132 0.152778 0.067708
1 0.656250 0.499132 0.152778 0.067708
1 0.815972 0.499132 0.152778 0.067708