1 0.170898 0.089844 0.154297 0.074219
1 0.333008 0.089844 0.154297 0.074219
0 0.495117 0.089844 0.154297 0.074219
0 0.657227 0.089844 0.154297 0.074219
1 0.819336 0.089844 0.154297 0.074219
1 0.129883 0.322266 0.138672 0.078125
1 0.276367 0.322266 0.138672 0.078125
1 0.422852 0.322266 0.138672 0.078125
1 0.569336 0.322266 0.138672 0.078125
1 0.715820 0.322266 0.138672 0.078125
1 0.862305 0.322266 0.138672 0.078125
1 0.194336 0.548828 0.193359 0.062500
1 0.395508 0.548828 0.193359 0.062500
0 0.596680 0.548828 0.193359 0.062500
1 0.797852 0.548828 0.193359 0.062500
1 0.220703 0.774414 0.175781 0.076172
1 0.404297 0.774414 0.175781 0.076172
0 0.587891 0.774414 0.175781 0.076172
1 0.771484 0.774414 0.175781 0.076172