0 0.311523 0.111328 0.115234 0.136719
0 0.434570 0.111328 0.115234 0.136719
0 0.557617 0.111328 0.115234 0.136719
1 0.680664 0.111328 0.115234 0.136719
1 0.137695 0.415039 0.111328 0.193359
0 0.256836 0.415039 0.111328 0.193359
1 0.375977 0.415039 0.111328 0.193359
1 0.495117 0.415039 0.111328 0.193359
1 0.614258 0.415039 0.111328 0.193359
0 0.733398 0.415039 0.111328 0.193359
1 0.852539 0.415039 0.111328 0.193359
1 0.281250 0.730469 0.078125 0.160156
1 0.367188 0.730469 0.078125 0.160156
1 0.453125 0.730469 0.078125 0.160156
1 0.539062 0.730469 0.078125 0.160156
1 0.625000 0.730469 0.078125 0.160156
1 0.710938 0.730469 0.078125 0.160156