1 0.161719 0.128906 0.054688 0.101562
1 0.222656 0.128906 0.054688 0.101562
1 0.283594 0.128906 0.054688 0.101562
1 0.344531 0.128906 0.054688 0.101562
1 0.405469 0.128906 0.054688 0.101562
0 0.466406 0.128906 0.054688 0.101562
1 0.527344 0.128906 0.054688 0.101562
1 0.588281 0.128906 0.054688 0.101562
1 0.649219 0.128906 0.054688 0.101562
1 0.710156 0.128906 0.054688 0.101562
0 0.771094 0.128906 0.054688 0.101562
0 0.832031 0.128906 0.054688 0.101562
1 0.124219 0.343750 0.076563 0.140625
1 0.207031 0.343750 0.076563 0.140625
0 0.289844 0.343750 0.076563 0.140625
1 0.372656 0.343750 0.076563 0.140625
1 0.455469 0.343750 0.076563 0.140625
0 0.538281 0.343750 0.076563 0.140625
0 0.621094 0.343750 0.076563 0.140625
0 0.703906 0.343750 0.076563 0.140625
0 0.786719 0.343750 0.076563 0.140625
1 0.869531 0.343750 0.076563 0.140625
0 0.184375 0.563281 0.071875 0.110937
1 0.262500 0.563281 0.071875 0.110937
1 0.340625 0.563281 0.071875 0.110937
1 0.418750 0.563281 0.071875 0.110937
1 0.496875 0.563281 0.071875 0.110937
1 0.575000 0.563281 0.071875 0.110937
1 0.653125 0.563281 0.071875 0.110937
1 0.731250 0.563281 0.071875 0.110937
1 0.809375 0.563281 0.071875 0.110937
1 0.324219 0.764062 0.079687 0.103125
1 0.410156 0.764062 0.079687 0.103125
0 0.496094 0.764062 0.079687 0.103125
1 0.582031 0.764062 0.079687 0.103125
1 0.667969 0.764062 0.079687 0.103125