1 0.246528 0.115451 0.159722 0.057292
1 0.413194 0.115451 0.159722 0.057292
1 0.579861 0.115451 0.159722 0.057292
1 0.746528 0.115451 0.159722 0.057292
1 0.207465 0.298611 0.137153 0.055556
1 0.351562 0.298611 0.137153 0.055556
1 0.495660 0.298611 0.137153 0.055556
1 0.639757 0.298611 0.137153 0.055556
1 0.783854 0.298611 0.137153 0.055556
1 0.170139 0.482639 0.156250 0.059028
1 0.333333 0.482639 0.156250 0.059028
1 0.496528 0.482639 0.156250 0.059028
0 0.659722 0.482639 0.156250 0.059028
1 0.822917 0.482639 0.156250 0.059028
1 0.238715 0.677951 0.164931 0.078125
0 0.410590 0.677951 0.164931 0.078125
1 0.582465 0.677951 0.164931 0.078125
0 0.754340 0.677951 0.164931 0.078125