1 0.166667 0.089410 0.125000 0.057292
1 0.298611 0.089410 0.125000 0.057292
0 0.430556 0.089410 0.125000 0.057292
0 0.562500 0.089410 0.125000 0.057292
1 0.694444 0.089410 0.125000 0.057292
1 0.826389 0.089410 0.125000 0.057292
0 0.144965 0.319444 0.168403 0.076389
1 0.320312 0.319444 0.168403 0.076389
1 0.495660 0.319444 0.168403 0.076389
1 0.671007 0.319444 0.168403 0.076389
1 0.846354 0.319444 0.168403 0.076389
0 0.162326 0.547743 0.126736 0.053819
1 0.296007 0.547743 0.126736 0.053819
0 0.429688 0.547743 0.126736 0.053819
0 0.563368 0.547743 0.126736 0.053819
1 0.697049 0.547743 0.126736 0.053819
0 0.830729 0.547743 0.126736 0.053819
1 0.158854 0.769097 0.161458 0.062500
1 0.327257 0.769097 0.161458 0.062500
0 0.495660 0.769097 0.161458 0.062500
1 0.664062 0.769097 0.161458 0.062500
0 0.832465 0.769097 0.161458 0.062500