1 0.131250 0.163542 0.095833 0.172917
1 0.235417 0.163542 0.095833 0.172917
1 0.339583 0.163542 0.095833 0.172917
1 0.443750 0.163542 0.095833 0.172917
1 0.547917 0.163542 0.095833 0.172917
1 0.652083 0.163542 0.095833 0.172917
1 0.756250 0.163542 0.095833 0.172917
1 0.860417 0.163542 0.095833 0.172917
0 0.119792 0.553125 0.085417 0.206250
1 0.213542 0.553125 0.085417 0.206250
1 0.307292 0.553125 0.085417 0.206250
1 0.401042 0.553125 0.085417 0.206250
1 0.494792 0.553125 0.085417 0.206250
1 0.588542 0.553125 0.085417 0.206250
0 0.682292 0.553125 0.085417 0.206250
1 0.776042 0.553125 0.085417 0.206250
1 0.869792 0.553125 0.085417 0.206250