1 0.350694 0.163194 0.090278 0.156250
1 0.447917 0.163194 0.090278 0.156250
0 0.545139 0.163194 0.090278 0.156250
1 0.642361 0.163194 0.090278 0.156250
1 0.190972 0.492188 0.069444 0.164931
1 0.267361 0.492188 0.069444 0.164931
1 0.343750 0.492188 0.069444 0.164931
1 0.420139 0.492188 0.069444 0.164931
1 0.496528 0.492188 0.069444 0.164931
1 0.572917 0.492188 0.069444 0.164931
0 0.649306 0.492188 0.069444 0.164931
1 0.725694 0.492188 0.069444 0.164931
1 0.802083 0.492188 0.069444 0.164931
1 0.186632 0.817708 0.081597 0.149306
1 0.275174 0.817708 0.081597 0.149306
0 0.363715 0.817708 0.081597 0.149306
1 0.452257 0.817708 0.081597 0.149306
1 0.540799 0.817708 0.081597 0.149306
0 0.629340 0.817708 0.081597 0.149306
1 0.717882 0.817708 0.081597 0.149306
1 0.806424 0.817708 0.081597 0.149306