1 0.167708 0.156250 0.085417 0.141667
1 0.261458 0.156250 0.085417 0.141667
1 0.355208 0.156250 0.085417 0.141667
0 0.448958 0.156250 0.085417 0.141667
1 0.542708 0.156250 0.085417 0.141667
1 0.636458 0.156250 0.085417 0.141667
1 0.730208 0.156250 0.085417 0.141667
1 0.823958 0.156250 0.085417 0.141667
1 0.198958 0.478125 0.110417 0.189583
0 0.317708 0.478125 0.110417 0.189583
1 0.436458 0.478125 0.110417 0.189583
0 0.555208 0.478125 0.110417 0.189583
1 0.673958 0.478125 0.110417 0.189583
0 0.792708 0.478125 0.110417 0.189583
1 0.327083 0.811458 0.104167 0.164583
1 0.439583 0.811458 0.104167 0.164583
1 0.552083 0.811458 0.104167 0.164583
0 0.664583 0.811458 0.104167 0.164583