1 0.102344 0.109375 0.092188 0.115625
1 0.200781 0.109375 0.092188 0.115625
1 0.299219 0.109375 0.092188 0.115625
1 0.397656 0.109375 0.092188 0.115625
1 0.496094 0.109375 0.092188 0.115625
1 0.594531 0.109375 0.092188 0.115625
1 0.692969 0.109375 0.092188 0.115625
1 0.791406 0.109375 0.092188 0.115625
1 0.889844 0.109375 0.092188 0.115625
0 0.121875 0.389062 0.087500 0.156250
1 0.215625 0.389062 0.087500 0.156250
0 0.309375 0.389062 0.087500 0.156250
0 0.403125 0.389062 0.087500 0.156250
1 0.496875 0.389062 0.087500 0.156250
0 0.590625 0.389062 0.087500 0.156250
0 0.684375 0.389062 0.087500 0.156250
0 0.778125 0.389062 0.087500 0.156250
0 0.871875 0.389062 0.087500 0.156250
1 0.110156 0.680469 0.064062 0.139063
1 0.180469 0.680469 0.064062 0.139063
1 0.250781 0.680469 0.064062 0.139063
1 0.321094 0.680469 0.064062 0.139063
0 0.391406 0.680469 0.064062 0.139063
1 0.461719 0.680469 0.064062 0.139063
0 0.532031 0.680469 0.064062 0.139063
1 0.602344 0.680469 0.064062 0.139063
1 0.672656 0.680469 0.064062 0.139063
0 0.742969 0.680469 0.064062 0.139063
0 0.813281 0.680469 0.064062 0.139063
1 0.883594 0.680469 0.064062 0.139063