1 0.190625 0.113281 0.081250 0.120313
1 0.278125 0.113281 0.081250 0.120313
1 0.365625 0.113281 0.081250 0.120313
1 0.453125 0.113281 0.081250 0.120313
1 0.540625 0.113281 0.081250 0.120313
1 0.628125 0.113281 0.081250 0.120313
1 0.715625 0.113281 0.081250 0.120313
1 0.803125 0.113281 0.081250 0.120313
0 0.234375 0.385156 0.081250 0.110937
1 0.321875 0.385156 0.081250 0.110937
1 0.409375 0.385156 0.081250 0.110937
1 0.496875 0.385156 0.081250 0.110937
0 0.584375 0.385156 0.081250 0.110937
1 0.671875 0.385156 0.081250 0.110937
0 0.759375 0.385156 0.081250 0.110937
0 0.359375 0.665625 0.062500 0.137500
0 0.428125 0.665625 0.062500 0.137500
1 0.496875 0.665625 0.062500 0.137500
1 0.565625 0.665625 0.062500 0.137500
0 0.634375 0.665625 0.062500 0.137500