0 0.156250 0.125868 0.090278 0.164931
1 0.253472 0.125868 0.090278 0.164931
1 0.350694 0.125868 0.090278 0.164931
1 0.447917 0.125868 0.090278 0.164931
1 0.545139 0.125868 0.090278 0.164931
1 0.642361 0.125868 0.090278 0.164931
0 0.739583 0.125868 0.090278 0.164931
1 0.836806 0.125868 0.090278 0.164931
1 0.223090 0.394097 0.071181 0.121528
1 0.301215 0.394097 0.071181 0.121528
0 0.379340 0.394097 0.071181 0.121528
1 0.457465 0.394097 0.071181 0.121528
1 0.535590 0.394097 0.071181 0.121528
1 0.613715 0.394097 0.071181 0.121528
0 0.691840 0.394097 0.071181 0.121528
0 0.769965 0.394097 0.071181 0.121528
0 0.131944 0.647569 0.097222 0.135417
0 0.236111 0.647569 0.097222 0.135417
1 0.340278 0.647569 0.097222 0.135417
1 0.444444 0.647569 0.097222 0.135417
1 0.548611 0.647569 0.097222 0.135417
0 0.652778 0.647569 0.097222 0.135417
1 0.756944 0.647569 0.097222 0.135417
1 0.861111 0.647569 0.097222 0.135417