0 0.334961 0.148438 0.099609 0.140625
1 0.442383 0.148438 0.099609 0.140625
0 0.549805 0.148438 0.099609 0.140625
0 0.657227 0.148438 0.099609 0.140625
1 0.281250 0.469727 0.078125 0.154297
1 0.367188 0.469727 0.078125 0.154297
1 0.453125 0.469727 0.078125 0.154297
1 0.539062 0.469727 0.078125 0.154297
1 0.625000 0.469727 0.078125 0.154297
0 0.710938 0.469727 0.078125 0.154297
1 0.149414 0.810547 0.107422 0.179688
1 0.264648 0.810547 0.107422 0.179688
1 0.379883 0.810547 0.107422 0.179688
1 0.495117 0.810547 0.107422 0.179688
0 0.610352 0.810547 0.107422 0.179688
0 0.725586 0.810547 0.107422 0.179688
0 0.840820 0.810547 0.107422 0.179688