1 0.224219 0.082031 0.129688 0.048438
1 0.360156 0.082031 0.129688 0.048438
0 0.496094 0.082031 0.129688 0.048438
0 0.632031 0.082031 0.129688 0.048438
1 0.767969 0.082031 0.129688 0.048438
1 0.215625 0.256250 0.134375 0.056250
1 0.356250 0.256250 0.134375 0.056250
1 0.496875 0.256250 0.134375 0.056250
1 0.637500 0.256250 0.134375 0.056250
1 0.778125 0.256250 0.134375 0.056250
1 0.168750 0.435937 0.125000 0.059375
0 0.300000 0.435937 0.125000 0.059375
1 0.431250 0.435937 0.125000 0.059375
1 0.562500 0.435937 0.125000 0.059375
0 0.693750 0.435937 0.125000 0.059375
1 0.825000 0.435937 0.125000 0.059375
0 0.178125 0.617188 0.153125 0.059375
1 0.337500 0.617188 0.153125 0.059375
1 0.496875 0.617188 0.153125 0.059375
0 0.656250 0.617188 0.153125 0.059375
0 0.815625 0.617188 0.153125 0.059375
1 0.135156 0.802344 0.114062 0.067187
0 0.255469 0.802344 0.114062 0.067187
1 0.375781 0.802344 0.114062 0.067187
1 0.496094 0.802344 0.114062 0.067187
1 0.616406 0.802344 0.114062 0.067187
1 0.736719 0.802344 0.114062 0.067187
0 0.857031 0.802344 0.114062 0.067187