1 0.364583 0.179167 0.079167 0.183333
1 0.452083 0.179167 0.079167 0.183333
1 0.539583 0.179167 0.079167 0.183333
0 0.627083 0.179167 0.079167 0.183333
0 0.130208 0.471875 0.072917 0.147917
0 0.211458 0.471875 0.072917 0.147917
0 0.292708 0.471875 0.072917 0.147917
1 0.373958 0.471875 0.072917 0.147917
1 0.455208 0.471875 0.072917 0.147917
0 0.536458 0.471875 0.072917 0.147917
1 0.617708 0.471875 0.072917 0.147917
1 0.698958 0.471875 0.072917 0.147917
1 0.780208 0.471875 0.072917 0.147917
1 0.861458 0.471875 0.072917 0.147917
1 0.136458 0.742708 0.081250 0.139583
1 0.226042 0.742708 0.081250 0.139583
0 0.315625 0.742708 0.081250 0.139583
0 0.405208 0.742708 0.081250 0.139583
0 0.494792 0.742708 0.081250 0.139583
1 0.584375 0.742708 0.081250 0.139583
1 0.673958 0.742708 0.081250 0.139583
0 0.763542 0.742708 0.081250 0.139583
1 0.853125 0.742708 0.081250 0.139583