1 0.139757 0.137153 0.064236 0.121528
1 0.210938 0.137153 0.064236 0.121528
1 0.282118 0.137153 0.064236 0.121528
1 0.353299 0.137153 0.064236 0.121528
1 0.424479 0.137153 0.064236 0.121528
1 0.495660 0.137153 0.064236 0.121528
1 0.566840 0.137153 0.064236 0.121528
1 0.638021 0.137153 0.064236 0.121528
1 0.709201 0.137153 0.064236 0.121528
1 0.780382 0.137153 0.064236 0.121528
0 0.851562 0.137153 0.064236 0.121528
0 0.266493 0.415799 0.085069 0.126736
0 0.358507 0.415799 0.085069 0.126736
1 0.450521 0.415799 0.085069 0.126736
0 0.542535 0.415799 0.085069 0.126736
0 0.634549 0.415799 0.085069 0.126736
0 0.726562 0.415799 0.085069 0.126736