1 0.167969 0.165039 0.101562 0.146484
1 0.277344 0.165039 0.101562 0.146484
1 0.386719 0.165039 0.101562 0.146484
1 0.496094 0.165039 0.101562 0.146484
0 0.605469 0.165039 0.101562 0.146484
0 0.714844 0.165039 0.101562 0.146484
0 0.824219 0.165039 0.101562 0.146484
1 0.219727 0.447266 0.083984 0.167969
1 0.311523 0.447266 0.083984 0.167969
0 0.403320 0.447266 0.083984 0.167969
1 0.495117 0.447266 0.083984 0.167969
1 0.586914 0.447266 0.083984 0.167969
1 0.678711 0.447266 0.083984 0.167969
1 0.770508 0.447266 0.083984 0.167969