1 0.186458 0.114583 0.197917 0.079167
0 0.392708 0.114583 0.197917 0.079167
0 0.598958 0.114583 0.197917 0.079167
1 0.805208 0.114583 0.197917 0.079167
1 0.230208 0.337500 0.168750 0.066667
1 0.407292 0.337500 0.168750 0.066667
1 0.584375 0.337500 0.168750 0.066667
0 0.761458 0.337500 0.168750 0.066667
1 0.183333 0.564583 0.200000 0.087500
1 0.391667 0.564583 0.200000 0.087500
1 0.600000 0.564583 0.200000 0.087500
1 0.808333 0.564583 0.200000 0.087500
0 0.227083 0.795833 0.170833 0.075000
1 0.406250 0.795833 0.170833 0.075000
1 0.585417 0.795833 0.170833 0.075000
1 0.764583 0.795833 0.170833 0.075000