1 0.193750 0.171875 0.112500 0.164583
1 0.314583 0.171875 0.112500 0.164583
1 0.435417 0.171875 0.112500 0.164583
1 0.556250 0.171875 0.112500 0.164583
1 0.677083 0.171875 0.112500 0.164583
1 0.797917 0.171875 0.112500 0.164583
1 0.207292 0.473958 0.135417 0.172917
1 0.351042 0.473958 0.135417 0.172917
0 0.494792 0.473958 0.135417 0.172917
0 0.638542 0.473958 0.135417 0.172917
1 0.782292 0.473958 0.135417 0.172917
1 0.163542 0.797917 0.102083 0.208333
0 0.273958 0.797917 0.102083 0.208333
1 0.384375 0.797917 0.102083 0.208333
1 0.494792 0.797917 0.102083 0.208333
0 0.605208 0.797917 0.102083 0.208333
1 0.715625 0.797917 0.102083 0.208333
1 0.826042 0.797917 0.102083 0.208333