1 0.129167 0.144792 0.083333 0.193750
1 0.220833 0.144792 0.083333 0.193750
1 0.312500 0.144792 0.083333 0.193750
0 0.404167 0.144792 0.083333 0.193750
1 0.495833 0.144792 0.083333 0.193750
1 0.587500 0.144792 0.083333 0.193750
1 0.679167 0.144792 0.083333 0.193750
1 0.770833 0.144792 0.083333 0.193750
1 0.862500 0.144792 0.083333 0.193750
0 0.120833 0.480208 0.116667 0.202083
1 0.245833 0.480208 0.116667 0.202083
1 0.370833 0.480208 0.116667 0.202083
1 0.495833 0.480208 0.116667 0.202083
1 0.620833 0.480208 0.116667 0.202083
0 0.745833 0.480208 0.116667 0.202083
0 0.870833 0.480208 0.116667 0.202083
0 0.162500 0.804167 0.125000 0.170833
1 0.295833 0.804167 0.125000 0.170833
1 0.429167 0.804167 0.125000 0.170833
1 0.562500 0.804167 0.125000 0.170833
1 0.695833 0.804167 0.125000 0.170833
1 0.829167 0.804167 0.125000 0.170833