1 0.160156 0.079102 0.160156 0.080078
0 0.328125 0.079102 0.160156 0.080078
1 0.496094 0.079102 0.160156 0.080078
1 0.664062 0.079102 0.160156 0.080078
0 0.832031 0.079102 0.160156 0.080078
0 0.134766 0.280273 0.136719 0.076172
1 0.279297 0.280273 0.136719 0.076172
1 0.423828 0.280273 0.136719 0.076172
1 0.568359 0.280273 0.136719 0.076172
1 0.712891 0.280273 0.136719 0.076172
1 0.857422 0.280273 0.136719 0.076172
1 0.217773 0.479492 0.177734 0.076172
1 0.403320 0.479492 0.177734 0.076172
0 0.588867 0.479492 0.177734 0.076172
0 0.774414 0.479492 0.177734 0.076172
0 0.155273 0.684570 0.162109 0.087891
1 0.325195 0.684570 0.162109 0.087891
1 0.495117 0.684570 0.162109 0.087891
0 0.665039 0.684570 0.162109 0.087891
1 0.834961 0.684570 0.162109 0.087891