1 0.174805 0.140625 0.083984 0.171875
0 0.266602 0.140625 0.083984 0.171875
0 0.358398 0.140625 0.083984 0.171875
0 0.450195 0.140625 0.083984 0.171875
0 0.541992 0.140625 0.083984 0.171875
1 0.633789 0.140625 0.083984 0.171875
1 0.725586 0.140625 0.083984 0.171875
1 0.817383 0.140625 0.083984 0.171875
1 0.227539 0.419922 0.099609 0.136719
1 0.334961 0.419922 0.099609 0.136719
1 0.442383 0.419922 0.099609 0.136719
0 0.549805 0.419922 0.099609 0.136719
1 0.657227 0.419922 0.099609 0.136719
1 0.764648 0.419922 0.099609 0.136719
1 0.133789 0.688477 0.095703 0.150391
1 0.237305 0.688477 0.095703 0.150391
1 0.340820 0.688477 0.095703 0.150391
1 0.444336 0.688477 0.095703 0.150391
1 0.547852 0.688477 0.095703 0.150391
1 0.651367 0.688477 0.095703 0.150391
1 0.754883 0.688477 0.095703 0.150391
0 0.858398 0.688477 0.095703 0.150391