1 0.393750 0.125781 0.062500 0.101562
0 0.462500 0.125781 0.062500 0.101562
1 0.531250 0.125781 0.062500 0.101562
0 0.600000 0.125781 0.062500 0.101562
1 0.234375 0.386719 0.068750 0.114062
1 0.309375 0.386719 0.068750 0.114062
1 0.384375 0.386719 0.068750 0.114062
0 0.459375 0.386719 0.068750 0.114062
1 0.534375 0.386719 0.068750 0.114062
1 0.609375 0.386719 0.068750 0.114062
1 0.684375 0.386719 0.068750 0.114062
1 0.759375 0.386719 0.068750 0.114062
1 0.336719 0.647656 0.073438 0.101562
1 0.416406 0.647656 0.073438 0.101562
1 0.496094 0.647656 0.073438 0.101562
1 0.575781 0.647656 0.073438 0.101562
0 0.655469 0.647656 0.073438 0.101562