0 0.198785 0.111111 0.078125 0.125000
0 0.283854 0.111111 0.078125 0.125000
0 0.368924 0.111111 0.078125 0.125000
1 0.453993 0.111111 0.078125 0.125000
1 0.539062 0.111111 0.078125 0.125000
1 0.624132 0.111111 0.078125 0.125000
0 0.709201 0.111111 0.078125 0.125000
1 0.794271 0.111111 0.078125 0.125000
1 0.121528 0.373264 0.076389 0.145833
1 0.204861 0.373264 0.076389 0.145833
1 0.288194 0.373264 0.076389 0.145833
0 0.371528 0.373264 0.076389 0.145833
1 0.454861 0.373264 0.076389 0.145833
0 0.538194 0.373264 0.076389 0.145833
0 0.621528 0.373264 0.076389 0.145833
1 0.704861 0.373264 0.076389 0.145833
1 0.788194 0.373264 0.076389 0.145833
0 0.871528 0.373264 0.076389 0.145833
1 0.324653 0.653646 0.107639 0.161458
0 0.439236 0.653646 0.107639 0.161458
1 0.553819 0.653646 0.107639 0.161458
0 0.668403 0.653646 0.107639 0.161458