0 0.107639 0.129340 0.104167 0.151042
1 0.218750 0.129340 0.104167 0.151042
1 0.329861 0.129340 0.104167 0.151042
0 0.440972 0.129340 0.104167 0.151042
1 0.552083 0.129340 0.104167 0.151042
1 0.663194 0.129340 0.104167 0.151042
1 0.774306 0.129340 0.104167 0.151042
1 0.885417 0.129340 0.104167 0.151042
1 0.142361 0.401910 0.111111 0.140625
1 0.260417 0.401910 0.111111 0.140625
0 0.378472 0.401910 0.111111 0.140625
0 0.496528 0.401910 0.111111 0.140625
1 0.614583 0.401910 0.111111 0.140625
0 0.732639 0.401910 0.111111 0.140625
1 0.850694 0.401910 0.111111 0.140625
1 0.138021 0.680556 0.095486 0.163194
1 0.240451 0.680556 0.095486 0.163194
1 0.342882 0.680556 0.095486 0.163194
1 0.445312 0.680556 0.095486 0.163194
1 0.547743 0.680556 0.095486 0.163194
1 0.650174 0.680556 0.095486 0.163194
0 0.752604 0.680556 0.095486 0.163194
1 0.855035 0.680556 0.095486 0.163194