0 0.188281 0.060937 0.117188 0.059375
1 0.311719 0.060937 0.117188 0.059375
1 0.435156 0.060937 0.117188 0.059375
1 0.558594 0.060937 0.117188 0.059375
1 0.682031 0.060937 0.117188 0.059375
0 0.805469 0.060937 0.117188 0.059375
1 0.311719 0.233594 0.117188 0.067187
1 0.435156 0.233594 0.117188 0.067187
0 0.558594 0.233594 0.117188 0.067187
1 0.682031 0.233594 0.117188 0.067187
1 0.103125 0.407031 0.125000 0.060937
0 0.234375 0.407031 0.125000 0.060937
1 0.365625 0.407031 0.125000 0.060937
1 0.496875 0.407031 0.125000 0.060937
1 0.628125 0.407031 0.125000 0.060937
0 0.759375 0.407031 0.125000 0.060937
0 0.890625 0.407031 0.125000 0.060937
0 0.171875 0.576562 0.156250 0.059375
0 0.334375 0.576562 0.156250 0.059375
1 0.496875 0.576562 0.156250 0.059375
1 0.659375 0.576562 0.156250 0.059375
1 0.821875 0.576562 0.156250 0.059375