0 0.164062 0.118164 0.125000 0.138672
0 0.296875 0.118164 0.125000 0.138672
1 0.429688 0.118164 0.125000 0.138672
0 0.562500 0.118164 0.125000 0.138672
0 0.695312 0.118164 0.125000 0.138672
1 0.828125 0.118164 0.125000 0.138672
1 0.346680 0.442383 0.091797 0.154297
0 0.446289 0.442383 0.091797 0.154297
1 0.545898 0.442383 0.091797 0.154297
1 0.645508 0.442383 0.091797 0.154297
1 0.300781 0.775391 0.070312 0.156250
1 0.378906 0.775391 0.070312 0.156250
0 0.457031 0.775391 0.070312 0.156250
1 0.535156 0.775391 0.070312 0.156250
1 0.613281 0.775391 0.070312 0.156250
0 0.691406 0.775391 0.070312 0.156250