1 0.127344 0.100000 0.085938 0.115625
1 0.219531 0.100000 0.085938 0.115625
1 0.311719 0.100000 0.085938 0.115625
1 0.403906 0.100000 0.085938 0.115625
1 0.496094 0.100000 0.085938 0.115625
1 0.588281 0.100000 0.085938 0.115625
1 0.680469 0.100000 0.085938 0.115625
0 0.772656 0.100000 0.085938 0.115625
1 0.864844 0.100000 0.085938 0.115625
0 0.096875 0.353906 0.093750 0.151562
0 0.196875 0.353906 0.093750 0.151562
1 0.296875 0.353906 0.093750 0.151562
0 0.396875 0.353906 0.093750 0.151562
0 0.496875 0.353906 0.093750 0.151562
0 0.596875 0.353906 0.093750 0.151562
0 0.696875 0.353906 0.093750 0.151562
0 0.796875 0.353906 0.093750 0.151562
0 0.896875 0.353906 0.093750 0.151562
1 0.146875 0.612500 0.093750 0.125000
1 0.246875 0.612500 0.093750 0.125000
0 0.346875 0.612500 0.093750 0.125000
1 0.446875 0.612500 0.093750 0.125000
0 0.546875 0.612500 0.093750 0.125000
0 0.646875 0.612500 0.093750 0.125000
1 0.746875 0.612500 0.093750 0.125000
1 0.846875 0.612500 0.093750 0.125000
1 0.234375 0.855469 0.059375 0.120313
1 0.300000 0.855469 0.059375 0.120313
1 0.365625 0.855469 0.059375 0.120313
1 0.431250 0.855469 0.059375 0.120313
1 0.496875 0.855469 0.059375 0.120313
1 0.562500 0.855469 0.059375 0.120313
0 0.628125 0.855469 0.059375 0.120313
0 0.693750 0.855469 0.059375 0.120313
1 0.759375 0.855469 0.059375 0.120313