0 0.144965 0.099826 0.071181 0.126736
1 0.223090 0.099826 0.071181 0.126736
1 0.301215 0.099826 0.071181 0.126736
1 0.379340 0.099826 0.071181 0.126736
1 0.457465 0.099826 0.071181 0.126736
0 0.535590 0.099826 0.071181 0.126736
1 0.613715 0.099826 0.071181 0.126736
1 0.691840 0.099826 0.071181 0.126736
1 0.769965 0.099826 0.071181 0.126736
1 0.848090 0.099826 0.071181 0.126736
1 0.277778 0.355903 0.065972 0.138889
1 0.350694 0.355903 0.065972 0.138889
0 0.423611 0.355903 0.065972 0.138889
1 0.496528 0.355903 0.065972 0.138889
1 0.569444 0.355903 0.065972 0.138889
1 0.642361 0.355903 0.065972 0.138889
1 0.715278 0.355903 0.065972 0.138889
1 0.085938 0.619792 0.067708 0.142361
1 0.160590 0.619792 0.067708 0.142361
0 0.235243 0.619792 0.067708 0.142361
1 0.309896 0.619792 0.067708 0.142361
1 0.384549 0.619792 0.067708 0.142361
0 0.459201 0.619792 0.067708 0.142361
1 0.533854 0.619792 0.067708 0.142361
1 0.608507 0.619792 0.067708 0.142361
1 0.683160 0.619792 0.067708 0.142361
0 0.757812 0.619792 0.067708 0.142361
0 0.832465 0.619792 0.067708 0.142361
1 0.907118 0.619792 0.067708 0.142361