1 0.150000 0.099219 0.109375 0.057813
0 0.265625 0.099219 0.109375 0.057813
1 0.381250 0.099219 0.109375 0.057813
1 0.496875 0.099219 0.109375 0.057813
1 0.612500 0.099219 0.109375 0.057813
1 0.728125 0.099219 0.109375 0.057813
0 0.843750 0.099219 0.109375 0.057813
1 0.184375 0.310937 0.150000 0.065625
1 0.340625 0.310937 0.150000 0.065625
1 0.496875 0.310937 0.150000 0.065625
1 0.653125 0.310937 0.150000 0.065625
0 0.809375 0.310937 0.150000 0.065625
1 0.203125 0.528906 0.140625 0.070312
1 0.350000 0.528906 0.140625 0.070312
0 0.496875 0.528906 0.140625 0.070312
1 0.643750 0.528906 0.140625 0.070312
0 0.790625 0.528906 0.140625 0.070312
1 0.192188 0.741406 0.115625 0.054688
0 0.314063 0.741406 0.115625 0.054688
1 0.435937 0.741406 0.115625 0.054688
0 0.557813 0.741406 0.115625 0.054688
1 0.679688 0.741406 0.115625 0.054688
1 0.801562 0.741406 0.115625 0.054688