1 0.153320 0.167969 0.068359 0.156250
1 0.229492 0.167969 0.068359 0.156250
1 0.305664 0.167969 0.068359 0.156250
1 0.381836 0.167969 0.068359 0.156250
1 0.458008 0.167969 0.068359 0.156250
1 0.534180 0.167969 0.068359 0.156250
0 0.610352 0.167969 0.068359 0.156250
1 0.686523 0.167969 0.068359 0.156250
1 0.762695 0.167969 0.068359 0.156250
0 0.838867 0.167969 0.068359 0.156250
0 0.193359 0.520508 0.113281 0.181641
1 0.314453 0.520508 0.113281 0.181641
1 0.435547 0.520508 0.113281 0.181641
0 0.556641 0.520508 0.113281 0.181641
0 0.677734 0.520508 0.113281 0.181641
1 0.798828 0.520508 0.113281 0.181641