0 0.134375 0.123438 0.084375 0.109375
1 0.225000 0.123438 0.084375 0.109375
1 0.315625 0.123438 0.084375 0.109375
1 0.406250 0.123438 0.084375 0.109375
0 0.496875 0.123438 0.084375 0.109375
1 0.587500 0.123438 0.084375 0.109375
1 0.678125 0.123438 0.084375 0.109375
1 0.768750 0.123438 0.084375 0.109375
0 0.859375 0.123438 0.084375 0.109375
1 0.110156 0.379688 0.064062 0.131250
1 0.180469 0.379688 0.064062 0.131250
1 0.250781 0.379688 0.064062 0.131250
1 0.321094 0.379688 0.064062 0.131250
0 0.391406 0.379688 0.064062 0.131250
1 0.461719 0.379688 0.064062 0.131250
0 0.532031 0.379688 0.064062 0.131250
1 0.602344 0.379688 0.064062 0.131250
1 0.672656 0.379688 0.064062 0.131250
1 0.742969 0.379688 0.064062 0.131250
1 0.813281 0.379688 0.064062 0.131250
0 0.883594 0.379688 0.064062 0.131250