1 0.113715 0.104167 0.102431 0.131944
1 0.223090 0.104167 0.102431 0.131944
1 0.332465 0.104167 0.102431 0.131944
1 0.441840 0.104167 0.102431 0.131944
0 0.551215 0.104167 0.102431 0.131944
0 0.660590 0.104167 0.102431 0.131944
0 0.769965 0.104167 0.102431 0.131944
0 0.879340 0.104167 0.102431 0.131944
0 0.204861 0.367188 0.076389 0.171875
1 0.288194 0.367188 0.076389 0.171875
1 0.371528 0.367188 0.076389 0.171875
0 0.454861 0.367188 0.076389 0.171875
1 0.538194 0.367188 0.076389 0.171875
1 0.621528 0.367188 0.076389 0.171875
0 0.704861 0.367188 0.076389 0.171875
1 0.788194 0.367188 0.076389 0.171875