0 0.179688 0.145508 0.097656 0.130859
0 0.285156 0.145508 0.097656 0.130859
0 0.390625 0.145508 0.097656 0.130859
1 0.496094 0.145508 0.097656 0.130859
1 0.601562 0.145508 0.097656 0.130859
1 0.707031 0.145508 0.097656 0.130859
1 0.812500 0.145508 0.097656 0.130859
1 0.172852 0.484375 0.099609 0.164062
1 0.280273 0.484375 0.099609 0.164062
1 0.387695 0.484375 0.099609 0.164062
0 0.495117 0.484375 0.099609 0.164062
0 0.602539 0.484375 0.099609 0.164062
1 0.709961 0.484375 0.099609 0.164062
1 0.817383 0.484375 0.099609 0.164062
1 0.266602 0.825195 0.083984 0.134766
1 0.358398 0.825195 0.083984 0.134766
1 0.450195 0.825195 0.083984 0.134766
1 0.541992 0.825195 0.083984 0.134766
0 0.633789 0.825195 0.083984 0.134766
0 0.725586 0.825195 0.083984 0.134766