1 0.143555 0.129883 0.080078 0.130859
1 0.231445 0.129883 0.080078 0.130859
1 0.319336 0.129883 0.080078 0.130859
1 0.407227 0.129883 0.080078 0.130859
1 0.495117 0.129883 0.080078 0.130859
0 0.583008 0.129883 0.080078 0.130859
1 0.670898 0.129883 0.080078 0.130859
1 0.758789 0.129883 0.080078 0.130859
1 0.846680 0.129883 0.080078 0.130859
0 0.188477 0.455078 0.080078 0.128906
0 0.276367 0.455078 0.080078 0.128906
1 0.364258 0.455078 0.080078 0.128906
1 0.452148 0.455078 0.080078 0.128906
0 0.540039 0.455078 0.080078 0.128906
1 0.627930 0.455078 0.080078 0.128906
0 0.715820 0.455078 0.080078 0.128906
1 0.803711 0.455078 0.080078 0.128906
0 0.126953 0.792969 0.074219 0.156250
0 0.208984 0.792969 0.074219 0.156250
0 0.291016 0.792969 0.074219 0.156250
0 0.373047 0.792969 0.074219 0.156250
0 0.455078 0.792969 0.074219 0.156250
0 0.537109 0.792969 0.074219 0.156250
1 0.619141 0.792969 0.074219 0.156250
0 0.701172 0.792969 0.074219 0.156250
1 0.783203 0.792969 0.074219 0.156250
1 0.865234 0.792969 0.074219 0.156250