1 0.190430 0.153320 0.068359 0.142578
0 0.266602 0.153320 0.068359 0.142578
1 0.342773 0.153320 0.068359 0.142578
0 0.418945 0.153320 0.068359 0.142578
1 0.495117 0.153320 0.068359 0.142578
1 0.571289 0.153320 0.068359 0.142578
1 0.647461 0.153320 0.068359 0.142578
1 0.723633 0.153320 0.068359 0.142578
0 0.799805 0.153320 0.068359 0.142578
0 0.152344 0.450195 0.078125 0.158203
0 0.238281 0.450195 0.078125 0.158203
1 0.324219 0.450195 0.078125 0.158203
1 0.410156 0.450195 0.078125 0.158203
1 0.496094 0.450195 0.078125 0.158203
1 0.582031 0.450195 0.078125 0.158203
1 0.667969 0.450195 0.078125 0.158203
0 0.753906 0.450195 0.078125 0.158203
1 0.839844 0.450195 0.078125 0.158203
0 0.147461 0.750000 0.091797 0.148438
0 0.247070 0.750000 0.091797 0.148438
1 0.346680 0.750000 0.091797 0.148438
1 0.446289 0.750000 0.091797 0.148438
0 0.545898 0.750000 0.091797 0.148438
1 0.645508 0.750000 0.091797 0.148438
1 0.745117 0.750000 0.091797 0.148438
1 0.844727 0.750000 0.091797 0.148438