1 0.144097 0.122396 0.093750 0.161458
1 0.244792 0.122396 0.093750 0.161458
1 0.345486 0.122396 0.093750 0.161458
1 0.446181 0.122396 0.093750 0.161458
1 0.546875 0.122396 0.093750 0.161458
0 0.647569 0.122396 0.093750 0.161458
1 0.748264 0.122396 0.093750 0.161458
0 0.848958 0.122396 0.093750 0.161458
1 0.270833 0.407118 0.083333 0.164931
0 0.361111 0.407118 0.083333 0.164931
1 0.451389 0.407118 0.083333 0.164931
1 0.541667 0.407118 0.083333 0.164931
1 0.631944 0.407118 0.083333 0.164931
0 0.722222 0.407118 0.083333 0.164931