0 0.158854 0.101562 0.161458 0.074653
1 0.327257 0.101562 0.161458 0.074653
0 0.495660 0.101562 0.161458 0.074653
0 0.664062 0.101562 0.161458 0.074653
0 0.832465 0.101562 0.161458 0.074653
0 0.243924 0.315972 0.161458 0.072917
1 0.412326 0.315972 0.161458 0.072917
0 0.580729 0.315972 0.161458 0.072917
1 0.749132 0.315972 0.161458 0.072917
1 0.228299 0.530382 0.171875 0.074653
0 0.407118 0.530382 0.171875 0.074653
1 0.585938 0.530382 0.171875 0.074653
0 0.764757 0.530382 0.171875 0.074653
0 0.193576 0.743924 0.144097 0.071181
1 0.344618 0.743924 0.144097 0.071181
1 0.495660 0.743924 0.144097 0.071181
1 0.646701 0.743924 0.144097 0.071181
0 0.797743 0.743924 0.144097 0.071181