1 0.164062 0.149414 0.125000 0.146484
1 0.296875 0.149414 0.125000 0.146484
1 0.429688 0.149414 0.125000 0.146484
1 0.562500 0.149414 0.125000 0.146484
1 0.695312 0.149414 0.125000 0.146484
1 0.828125 0.149414 0.125000 0.146484
1 0.143555 0.454102 0.080078 0.181641
0 0.231445 0.454102 0.080078 0.181641
1 0.319336 0.454102 0.080078 0.181641
1 0.407227 0.454102 0.080078 0.181641
0 0.495117 0.454102 0.080078 0.181641
1 0.583008 0.454102 0.080078 0.181641
1 0.670898 0.454102 0.080078 0.181641
1 0.758789 0.454102 0.080078 0.181641
0 0.846680 0.454102 0.080078 0.181641
1 0.355469 0.780273 0.085938 0.189453
0 0.449219 0.780273 0.085938 0.189453
1 0.542969 0.780273 0.085938 0.189453
1 0.636719 0.780273 0.085938 0.189453