1 0.188477 0.136719 0.080078 0.152344
0 0.276367 0.136719 0.080078 0.152344
0 0.364258 0.136719 0.080078 0.152344
1 0.452148 0.136719 0.080078 0.152344
0 0.540039 0.136719 0.080078 0.152344
0 0.627930 0.136719 0.080078 0.152344
1 0.715820 0.136719 0.080078 0.152344
0 0.803711 0.136719 0.080078 0.152344
1 0.168945 0.480469 0.123047 0.175781
1 0.299805 0.480469 0.123047 0.175781
1 0.430664 0.480469 0.123047 0.175781
1 0.561523 0.480469 0.123047 0.175781
0 0.692383 0.480469 0.123047 0.175781
1 0.823242 0.480469 0.123047 0.175781
1 0.161133 0.836914 0.087891 0.177734
1 0.256836 0.836914 0.087891 0.177734
1 0.352539 0.836914 0.087891 0.177734
1 0.448242 0.836914 0.087891 0.177734
0 0.543945 0.836914 0.087891 0.177734
0 0.639648 0.836914 0.087891 0.177734
1 0.735352 0.836914 0.087891 0.177734
1 0.831055 0.836914 0.087891 0.177734