1 0.112305 0.141602 0.087891 0.169922
0 0.208008 0.141602 0.087891 0.169922
1 0.303711 0.141602 0.087891 0.169922
1 0.399414 0.141602 0.087891 0.169922
1 0.495117 0.141602 0.087891 0.169922
1 0.590820 0.141602 0.087891 0.169922
0 0.686523 0.141602 0.087891 0.169922
1 0.782227 0.141602 0.087891 0.169922
1 0.877930 0.141602 0.087891 0.169922
1 0.233398 0.468750 0.123047 0.191406
0 0.364258 0.468750 0.123047 0.191406
1 0.495117 0.468750 0.123047 0.191406
0 0.625977 0.468750 0.123047 0.191406
1 0.756836 0.468750 0.123047 0.191406
1 0.272461 0.801758 0.103516 0.181641
0 0.383789 0.801758 0.103516 0.181641
1 0.495117 0.801758 0.103516 0.181641
1 0.606445 0.801758 0.103516 0.181641
1 0.717773 0.801758 0.103516 0.181641