1 0.134615 0.149038 0.110577 0.192308
0 0.254808 0.149038 0.110577 0.192308
1 0.375000 0.149038 0.110577 0.192308
1 0.495192 0.149038 0.110577 0.192308
1 0.615385 0.149038 0.110577 0.192308
0 0.735577 0.149038 0.110577 0.192308
1 0.855769 0.149038 0.110577 0.192308
1 0.134615 0.533654 0.110577 0.197115
1 0.254808 0.533654 0.110577 0.197115
0 0.375000 0.533654 0.110577 0.197115
1 0.495192 0.533654 0.110577 0.197115
1 0.615385 0.533654 0.110577 0.197115
1 0.735577 0.533654 0.110577 0.197115
1 0.855769 0.533654 0.110577 0.197115