0 0.160417 0.169792 0.087500 0.185417
1 0.256250 0.169792 0.087500 0.185417
1 0.352083 0.169792 0.087500 0.185417
1 0.447917 0.169792 0.087500 0.185417
1 0.543750 0.169792 0.087500 0.185417
1 0.639583 0.169792 0.087500 0.185417
0 0.735417 0.169792 0.087500 0.185417
1 0.831250 0.169792 0.087500 0.185417
0 0.151042 0.523958 0.106250 0.164583
0 0.265625 0.523958 0.106250 0.164583
0 0.380208 0.523958 0.106250 0.164583
0 0.494792 0.523958 0.106250 0.164583
1 0.609375 0.523958 0.106250 0.164583
1 0.723958 0.523958 0.106250 0.164583
0 0.838542 0.523958 0.106250 0.164583