1 0.121528 0.144965 0.086806 0.133681
1 0.215278 0.144965 0.086806 0.133681
1 0.309028 0.144965 0.086806 0.133681
1 0.402778 0.144965 0.086806 0.133681
1 0.496528 0.144965 0.086806 0.133681
1 0.590278 0.144965 0.086806 0.133681
1 0.684028 0.144965 0.086806 0.133681
1 0.777778 0.144965 0.086806 0.133681
0 0.871528 0.144965 0.086806 0.133681
0 0.162326 0.421875 0.088542 0.142361
1 0.257812 0.421875 0.088542 0.142361
0 0.353299 0.421875 0.088542 0.142361
0 0.448785 0.421875 0.088542 0.142361
1 0.544271 0.421875 0.088542 0.142361
1 0.639757 0.421875 0.088542 0.142361
1 0.735243 0.421875 0.088542 0.142361
0 0.830729 0.421875 0.088542 0.142361