0 0.160417 0.162500 0.087500 0.187500
1 0.256250 0.162500 0.087500 0.187500
0 0.352083 0.162500 0.087500 0.187500
1 0.447917 0.162500 0.087500 0.187500
1 0.543750 0.162500 0.087500 0.187500
1 0.639583 0.162500 0.087500 0.187500
0 0.735417 0.162500 0.087500 0.187500
1 0.831250 0.162500 0.087500 0.187500
1 0.170833 0.486458 0.100000 0.181250
0 0.279167 0.486458 0.100000 0.181250
0 0.387500 0.486458 0.100000 0.181250
1 0.495833 0.486458 0.100000 0.181250
1 0.604167 0.486458 0.100000 0.181250
0 0.712500 0.486458 0.100000 0.181250
1 0.820833 0.486458 0.100000 0.181250
0 0.151042 0.798958 0.106250 0.164583
0 0.265625 0.798958 0.106250 0.164583
1 0.380208 0.798958 0.106250 0.164583
1 0.494792 0.798958 0.106250 0.164583
1 0.609375 0.798958 0.106250 0.164583
1 0.723958 0.798958 0.106250 0.164583
1 0.838542 0.798958 0.106250 0.164583