1 0.177083 0.089410 0.152778 0.078125
1 0.336806 0.089410 0.152778 0.078125
0 0.496528 0.089410 0.152778 0.078125
1 0.656250 0.089410 0.152778 0.078125
1 0.815972 0.089410 0.152778 0.078125
0 0.127604 0.333333 0.140625 0.069444
1 0.275174 0.333333 0.140625 0.069444
0 0.422743 0.333333 0.140625 0.069444
1 0.570312 0.333333 0.140625 0.069444
0 0.717882 0.333333 0.140625 0.069444
1 0.865451 0.333333 0.140625 0.069444
0 0.275174 0.570312 0.140625 0.064236
0 0.422743 0.570312 0.140625 0.064236
1 0.570312 0.570312 0.140625 0.064236
1 0.717882 0.570312 0.140625 0.064236