1 0.281250 0.159180 0.078125 0.185547
0 0.367188 0.159180 0.078125 0.185547
1 0.453125 0.159180 0.078125 0.185547
1 0.539062 0.159180 0.078125 0.185547
1 0.625000 0.159180 0.078125 0.185547
1 0.710938 0.159180 0.078125 0.185547
1 0.308594 0.495117 0.085938 0.177734
1 0.402344 0.495117 0.085938 0.177734
0 0.496094 0.495117 0.085938 0.177734
0 0.589844 0.495117 0.085938 0.177734
1 0.683594 0.495117 0.085938 0.177734
1 0.112305 0.822266 0.087891 0.167969
0 0.208008 0.822266 0.087891 0.167969
1 0.303711 0.822266 0.087891 0.167969
1 0.399414 0.822266 0.087891 0.167969
0 0.495117 0.822266 0.087891 0.167969
1 0.590820 0.822266 0.087891 0.167969
0 0.686523 0.822266 0.087891 0.167969
0 0.782227 0.822266 0.087891 0.167969
1 0.877930 0.822266 0.087891 0.167969