1 0.138542 0.183333 0.093750 0.191667
0 0.240625 0.183333 0.093750 0.191667
1 0.342708 0.183333 0.093750 0.191667
1 0.444792 0.183333 0.093750 0.191667
1 0.546875 0.183333 0.093750 0.191667
1 0.648958 0.183333 0.093750 0.191667
0 0.751042 0.183333 0.093750 0.191667
1 0.853125 0.183333 0.093750 0.191667
1 0.130208 0.500000 0.072917 0.158333
1 0.211458 0.500000 0.072917 0.158333
1 0.292708 0.500000 0.072917 0.158333
1 0.373958 0.500000 0.072917 0.158333
1 0.455208 0.500000 0.072917 0.158333
1 0.536458 0.500000 0.072917 0.158333
0 0.617708 0.500000 0.072917 0.158333
1 0.698958 0.500000 0.072917 0.158333
1 0.780208 0.500000 0.072917 0.158333
1 0.861458 0.500000 0.072917 0.158333
1 0.304167 0.811458 0.087500 0.181250
1 0.400000 0.811458 0.087500 0.181250
1 0.495833 0.811458 0.087500 0.181250
0 0.591667 0.811458 0.087500 0.181250
0 0.687500 0.811458 0.087500 0.181250