0 0.192708 0.108507 0.079861 0.133681
1 0.279514 0.108507 0.079861 0.133681
1 0.366319 0.108507 0.079861 0.133681
1 0.453125 0.108507 0.079861 0.133681
1 0.539931 0.108507 0.079861 0.133681
1 0.626736 0.108507 0.079861 0.133681
0 0.713542 0.108507 0.079861 0.133681
1 0.800347 0.108507 0.079861 0.133681
1 0.142361 0.368056 0.111111 0.142361
0 0.260417 0.368056 0.111111 0.142361
1 0.378472 0.368056 0.111111 0.142361
1 0.496528 0.368056 0.111111 0.142361
1 0.614583 0.368056 0.111111 0.142361
0 0.732639 0.368056 0.111111 0.142361
0 0.850694 0.368056 0.111111 0.142361