1 0.097656 0.103906 0.073438 0.120313
0 0.177344 0.103906 0.073438 0.120313
0 0.257031 0.103906 0.073438 0.120313
1 0.336719 0.103906 0.073438 0.120313
1 0.416406 0.103906 0.073438 0.120313
0 0.496094 0.103906 0.073438 0.120313
1 0.575781 0.103906 0.073438 0.120313
0 0.655469 0.103906 0.073438 0.120313
0 0.735156 0.103906 0.073438 0.120313
1 0.814844 0.103906 0.073438 0.120313
1 0.894531 0.103906 0.073438 0.120313
1 0.330469 0.341406 0.076563 0.145313
1 0.413281 0.341406 0.076563 0.145313
0 0.496094 0.341406 0.076563 0.145313
1 0.578906 0.341406 0.076563 0.145313
1 0.661719 0.341406 0.076563 0.145313
1 0.141406 0.582031 0.095312 0.126562
0 0.242969 0.582031 0.095312 0.126562
1 0.344531 0.582031 0.095312 0.126562
1 0.446094 0.582031 0.095312 0.126562
1 0.547656 0.582031 0.095312 0.126562
1 0.649219 0.582031 0.095312 0.126562
1 0.750781 0.582031 0.095312 0.126562
1 0.852344 0.582031 0.095312 0.126562
0 0.103125 0.822656 0.081250 0.145313
1 0.190625 0.822656 0.081250 0.145313
1 0.278125 0.822656 0.081250 0.145313
1 0.365625 0.822656 0.081250 0.145313
0 0.453125 0.822656 0.081250 0.145313
1 0.540625 0.822656 0.081250 0.145313
1 0.628125 0.822656 0.081250 0.145313
1 0.715625 0.822656 0.081250 0.145313
1 0.803125 0.822656 0.081250 0.145313
0 0.890625 0.822656 0.081250 0.145313