1 0.206055 0.071289 0.185547 0.064453
1 0.399414 0.071289 0.185547 0.064453
1 0.592773 0.071289 0.185547 0.064453
1 0.786133 0.071289 0.185547 0.064453
1 0.170898 0.305664 0.154297 0.080078
1 0.333008 0.305664 0.154297 0.080078
1 0.495117 0.305664 0.154297 0.080078
1 0.657227 0.305664 0.154297 0.080078
1 0.819336 0.305664 0.154297 0.080078
1 0.250000 0.541016 0.156250 0.066406
1 0.414062 0.541016 0.156250 0.066406
0 0.578125 0.541016 0.156250 0.066406
1 0.742188 0.541016 0.156250 0.066406
1 0.207031 0.771484 0.136719 0.070312
1 0.351562 0.771484 0.136719 0.070312
1 0.496094 0.771484 0.136719 0.070312
1 0.640625 0.771484 0.136719 0.070312
1 0.785156 0.771484 0.136719 0.070312