0 0.173611 0.155382 0.100694 0.151042
1 0.281250 0.155382 0.100694 0.151042
0 0.388889 0.155382 0.100694 0.151042
0 0.496528 0.155382 0.100694 0.151042
0 0.604167 0.155382 0.100694 0.151042
1 0.711806 0.155382 0.100694 0.151042
0 0.819444 0.155382 0.100694 0.151042
1 0.156250 0.464410 0.090278 0.164931
1 0.253472 0.464410 0.090278 0.164931
0 0.350694 0.464410 0.090278 0.164931
1 0.447917 0.464410 0.090278 0.164931
1 0.545139 0.464410 0.090278 0.164931
1 0.642361 0.464410 0.090278 0.164931
1 0.739583 0.464410 0.090278 0.164931
0 0.836806 0.464410 0.090278 0.164931
1 0.138021 0.755208 0.095486 0.114583
1 0.240451 0.755208 0.095486 0.114583
0 0.342882 0.755208 0.095486 0.114583
0 0.445312 0.755208 0.095486 0.114583
0 0.547743 0.755208 0.095486 0.114583
1 0.650174 0.755208 0.095486 0.114583
0 0.752604 0.755208 0.095486 0.114583
1 0.855035 0.755208 0.095486 0.114583