1 0.149414 0.147461 0.107422 0.166016
1 0.264648 0.147461 0.107422 0.166016
0 0.379883 0.147461 0.107422 0.166016
1 0.495117 0.147461 0.107422 0.166016
1 0.610352 0.147461 0.107422 0.166016
1 0.725586 0.147461 0.107422 0.166016
1 0.840820 0.147461 0.107422 0.166016
1 0.229492 0.468750 0.068359 0.148438
1 0.305664 0.468750 0.068359 0.148438
1 0.381836 0.468750 0.068359 0.148438
0 0.458008 0.468750 0.068359 0.148438
1 0.534180 0.468750 0.068359 0.148438
1 0.610352 0.468750 0.068359 0.148438
1 0.686523 0.468750 0.068359 0.148438
1 0.762695 0.468750 0.068359 0.148438
1 0.208984 0.770508 0.074219 0.126953
0 0.291016 0.770508 0.074219 0.126953
0 0.373047 0.770508 0.074219 0.126953
0 0.455078 0.770508 0.074219 0.126953
0 0.537109 0.770508 0.074219 0.126953
1 0.619141 0.770508 0.074219 0.126953
1 0.701172 0.770508 0.074219 0.126953
0 0.783203 0.770508 0.074219 0.126953