1 0.218750 0.090278 0.131944 0.062500
0 0.357639 0.090278 0.131944 0.062500
1 0.496528 0.090278 0.131944 0.062500
0 0.635417 0.090278 0.131944 0.062500
1 0.774306 0.090278 0.131944 0.062500
1 0.165799 0.260417 0.157986 0.059028
1 0.330729 0.260417 0.157986 0.059028
1 0.495660 0.260417 0.157986 0.059028
0 0.660590 0.260417 0.157986 0.059028
1 0.825521 0.260417 0.157986 0.059028
1 0.149306 0.435764 0.131944 0.072917
1 0.288194 0.435764 0.131944 0.072917
0 0.427083 0.435764 0.131944 0.072917
1 0.565972 0.435764 0.131944 0.072917
1 0.704861 0.435764 0.131944 0.072917
1 0.843750 0.435764 0.131944 0.072917