1 0.193576 0.098090 0.144097 0.067708
1 0.344618 0.098090 0.144097 0.067708
0 0.495660 0.098090 0.144097 0.067708
1 0.646701 0.098090 0.144097 0.067708
1 0.797743 0.098090 0.144097 0.067708
1 0.158854 0.309028 0.161458 0.072917
1 0.327257 0.309028 0.161458 0.072917
1 0.495660 0.309028 0.161458 0.072917
1 0.664062 0.309028 0.161458 0.072917
1 0.832465 0.309028 0.161458 0.072917
1 0.285590 0.525174 0.133681 0.078125
0 0.426215 0.525174 0.133681 0.078125
1 0.566840 0.525174 0.133681 0.078125
1 0.707465 0.525174 0.133681 0.078125
0 0.156250 0.735243 0.163194 0.060764
1 0.326389 0.735243 0.163194 0.060764
0 0.496528 0.735243 0.163194 0.060764
1 0.666667 0.735243 0.163194 0.060764
1 0.836806 0.735243 0.163194 0.060764