1 0.154297 0.149414 0.089844 0.126953
0 0.251953 0.149414 0.089844 0.126953
1 0.349609 0.149414 0.089844 0.126953
1 0.447266 0.149414 0.089844 0.126953
1 0.544922 0.149414 0.089844 0.126953
1 0.642578 0.149414 0.089844 0.126953
0 0.740234 0.149414 0.089844 0.126953
1 0.837891 0.149414 0.089844 0.126953
1 0.168945 0.423828 0.123047 0.140625
1 0.299805 0.423828 0.123047 0.140625
1 0.430664 0.423828 0.123047 0.140625
0 0.561523 0.423828 0.123047 0.140625
1 0.692383 0.423828 0.123047 0.140625
1 0.823242 0.423828 0.123047 0.140625
1 0.373047 0.701172 0.074219 0.132812
1 0.455078 0.701172 0.074219 0.132812
1 0.537109 0.701172 0.074219 0.132812
1 0.619141 0.701172 0.074219 0.132812