1 0.392361 0.146701 0.062500 0.126736
1 0.461806 0.146701 0.062500 0.126736
1 0.531250 0.146701 0.062500 0.126736
1 0.600694 0.146701 0.062500 0.126736
0 0.267361 0.433160 0.069444 0.161458
1 0.343750 0.433160 0.069444 0.161458
0 0.420139 0.433160 0.069444 0.161458
1 0.496528 0.433160 0.069444 0.161458
1 0.572917 0.433160 0.069444 0.161458
1 0.649306 0.433160 0.069444 0.161458
1 0.725694 0.433160 0.069444 0.161458
1 0.135417 0.731771 0.083333 0.151042
1 0.225694 0.731771 0.083333 0.151042
1 0.315972 0.731771 0.083333 0.151042
0 0.406250 0.731771 0.083333 0.151042
1 0.496528 0.731771 0.083333 0.151042
1 0.586806 0.731771 0.083333 0.151042
0 0.677083 0.731771 0.083333 0.151042
1 0.767361 0.731771 0.083333 0.151042
1 0.857639 0.731771 0.083333 0.151042