0 0.164062 0.171875 0.125000 0.164062
1 0.296875 0.171875 0.125000 0.164062
0 0.429688 0.171875 0.125000 0.164062
1 0.562500 0.171875 0.125000 0.164062
1 0.695312 0.171875 0.125000 0.164062
1 0.828125 0.171875 0.125000 0.164062
0 0.271484 0.475586 0.082031 0.169922
1 0.361328 0.475586 0.082031 0.169922
0 0.451172 0.475586 0.082031 0.169922
0 0.541016 0.475586 0.082031 0.169922
1 0.630859 0.475586 0.082031 0.169922
0 0.720703 0.475586 0.082031 0.169922
1 0.203125 0.794922 0.109375 0.195312
1 0.320312 0.794922 0.109375 0.195312
1 0.437500 0.794922 0.109375 0.195312
1 0.554688 0.794922 0.109375 0.195312
0 0.671875 0.794922 0.109375 0.195312
1 0.789062 0.794922 0.109375 0.195312