0 0.223438 0.103906 0.071875 0.107813
1 0.301563 0.103906 0.071875 0.107813
1 0.379688 0.103906 0.071875 0.107813
1 0.457813 0.103906 0.071875 0.107813
0 0.535937 0.103906 0.071875 0.107813
0 0.614062 0.103906 0.071875 0.107813
0 0.692187 0.103906 0.071875 0.107813
1 0.770312 0.103906 0.071875 0.107813
1 0.396094 0.364063 0.060937 0.131250
1 0.463281 0.364063 0.060937 0.131250
1 0.530469 0.364063 0.060937 0.131250
0 0.597656 0.364063 0.060937 0.131250
1 0.144531 0.624219 0.064062 0.107813
0 0.214844 0.624219 0.064062 0.107813
1 0.285156 0.624219 0.064062 0.107813
1 0.355469 0.624219 0.064062 0.107813
1 0.425781 0.624219 0.064062 0.107813
1 0.496094 0.624219 0.064062 0.107813
1 0.566406 0.624219 0.064062 0.107813
1 0.636719 0.624219 0.064062 0.107813
1 0.707031 0.624219 0.064062 0.107813
1 0.777344 0.624219 0.064062 0.107813
1 0.847656 0.624219 0.064062 0.107813