1 0.266602 0.115234 0.083984 0.144531
1 0.358398 0.115234 0.083984 0.144531
1 0.450195 0.115234 0.083984 0.144531
0 0.541992 0.115234 0.083984 0.144531
0 0.633789 0.115234 0.083984 0.144531
1 0.725586 0.115234 0.083984 0.144531
1 0.120117 0.404297 0.099609 0.136719
1 0.227539 0.404297 0.099609 0.136719
0 0.334961 0.404297 0.099609 0.136719
0 0.442383 0.404297 0.099609 0.136719
1 0.549805 0.404297 0.099609 0.136719
0 0.657227 0.404297 0.099609 0.136719
1 0.764648 0.404297 0.099609 0.136719
0 0.872070 0.404297 0.099609 0.136719
1 0.149414 0.700195 0.107422 0.158203
0 0.264648 0.700195 0.107422 0.158203
1 0.379883 0.700195 0.107422 0.158203
1 0.495117 0.700195 0.107422 0.158203
1 0.610352 0.700195 0.107422 0.158203
0 0.725586 0.700195 0.107422 0.158203
1 0.840820 0.700195 0.107422 0.158203