1 0.128906 0.093750 0.067187 0.112500
1 0.202344 0.093750 0.067187 0.112500
1 0.275781 0.093750 0.067187 0.112500
1 0.349219 0.093750 0.067187 0.112500
1 0.422656 0.093750 0.067187 0.112500
0 0.496094 0.093750 0.067187 0.112500
1 0.569531 0.093750 0.067187 0.112500
1 0.642969 0.093750 0.067187 0.112500
1 0.716406 0.093750 0.067187 0.112500
1 0.789844 0.093750 0.067187 0.112500
0 0.863281 0.093750 0.067187 0.112500
1 0.168750 0.350781 0.059375 0.135937
1 0.234375 0.350781 0.059375 0.135937
0 0.300000 0.350781 0.059375 0.135937
1 0.365625 0.350781 0.059375 0.135937
1 0.431250 0.350781 0.059375 0.135937
1 0.496875 0.350781 0.059375 0.135937
1 0.562500 0.350781 0.059375 0.135937
1 0.628125 0.350781 0.059375 0.135937
0 0.693750 0.350781 0.059375 0.135937
1 0.759375 0.350781 0.059375 0.135937
0 0.825000 0.350781 0.059375 0.135937
1 0.377344 0.607812 0.073438 0.112500
0 0.457031 0.607812 0.073438 0.112500
1 0.536719 0.607812 0.073438 0.112500
1 0.616406 0.607812 0.073438 0.112500
1 0.355469 0.870313 0.064062 0.146875
1 0.425781 0.870313 0.064062 0.146875
1 0.496094 0.870313 0.064062 0.146875
1 0.566406 0.870313 0.064062 0.146875
1 0.636719 0.870313 0.064062 0.146875