0 0.198785 0.125000 0.078125 0.152778
1 0.283854 0.125000 0.078125 0.152778
0 0.368924 0.125000 0.078125 0.152778
1 0.453993 0.125000 0.078125 0.152778
0 0.539062 0.125000 0.078125 0.152778
1 0.624132 0.125000 0.078125 0.152778
1 0.709201 0.125000 0.078125 0.152778
1 0.794271 0.125000 0.078125 0.152778
1 0.292535 0.414062 0.074653 0.161458
1 0.374132 0.414062 0.074653 0.161458
1 0.455729 0.414062 0.074653 0.161458
1 0.537326 0.414062 0.074653 0.161458
1 0.618924 0.414062 0.074653 0.161458
0 0.700521 0.414062 0.074653 0.161458
1 0.229167 0.702257 0.069444 0.151042
1 0.305556 0.702257 0.069444 0.151042
1 0.381944 0.702257 0.069444 0.151042
1 0.458333 0.702257 0.069444 0.151042
1 0.534722 0.702257 0.069444 0.151042
1 0.611111 0.702257 0.069444 0.151042
1 0.687500 0.702257 0.069444 0.151042
0 0.763889 0.702257 0.069444 0.151042