1 0.152344 0.133789 0.078125 0.150391
1 0.238281 0.133789 0.078125 0.150391
1 0.324219 0.133789 0.078125 0.150391
1 0.410156 0.133789 0.078125 0.150391
0 0.496094 0.133789 0.078125 0.150391
1 0.582031 0.133789 0.078125 0.150391
1 0.667969 0.133789 0.078125 0.150391
1 0.753906 0.133789 0.078125 0.150391
1 0.839844 0.133789 0.078125 0.150391
1 0.196289 0.451172 0.091797 0.152344
1 0.295898 0.451172 0.091797 0.152344
1 0.395508 0.451172 0.091797 0.152344
1 0.495117 0.451172 0.091797 0.152344
0 0.594727 0.451172 0.091797 0.152344
1 0.694336 0.451172 0.091797 0.152344
1 0.793945 0.451172 0.091797 0.152344