1 0.139844 0.139063 0.082812 0.143750
0 0.228906 0.139063 0.082812 0.143750
1 0.317969 0.139063 0.082812 0.143750
0 0.407031 0.139063 0.082812 0.143750
1 0.496094 0.139063 0.082812 0.143750
1 0.585156 0.139063 0.082812 0.143750
1 0.674219 0.139063 0.082812 0.143750
0 0.763281 0.139063 0.082812 0.143750
1 0.852344 0.139063 0.082812 0.143750
1 0.207031 0.373437 0.076563 0.137500
1 0.289844 0.373437 0.076563 0.137500
1 0.372656 0.373437 0.076563 0.137500
1 0.455469 0.373437 0.076563 0.137500
1 0.538281 0.373437 0.076563 0.137500
0 0.621094 0.373437 0.076563 0.137500
0 0.703906 0.373437 0.076563 0.137500
1 0.786719 0.373437 0.076563 0.137500
1 0.317969 0.607031 0.082812 0.142187
0 0.407031 0.607031 0.082812 0.142187
1 0.496094 0.607031 0.082812 0.142187
0 0.585156 0.607031 0.082812 0.142187
0 0.674219 0.607031 0.082812 0.142187
0 0.139844 0.838281 0.082812 0.132812
0 0.228906 0.838281 0.082812 0.132812
1 0.317969 0.838281 0.082812 0.132812
1 0.407031 0.838281 0.082812 0.132812
1 0.496094 0.838281 0.082812 0.132812
1 0.585156 0.838281 0.082812 0.132812
1 0.674219 0.838281 0.082812 0.132812
1 0.763281 0.838281 0.082812 0.132812
1 0.852344 0.838281 0.082812 0.132812