1 0.237500 0.178125 0.120833 0.147917
0 0.366667 0.178125 0.120833 0.147917
1 0.495833 0.178125 0.120833 0.147917
1 0.625000 0.178125 0.120833 0.147917
0 0.754167 0.178125 0.120833 0.147917
1 0.167708 0.483333 0.085417 0.183333
1 0.261458 0.483333 0.085417 0.183333
1 0.355208 0.483333 0.085417 0.183333
1 0.448958 0.483333 0.085417 0.183333
1 0.542708 0.483333 0.085417 0.183333
1 0.636458 0.483333 0.085417 0.183333
0 0.730208 0.483333 0.085417 0.183333
1 0.823958 0.483333 0.085417 0.183333
1 0.167708 0.794792 0.122917 0.160417
1 0.298958 0.794792 0.122917 0.160417
1 0.430208 0.794792 0.122917 0.160417
1 0.561458 0.794792 0.122917 0.160417
1 0.692708 0.794792 0.122917 0.160417
1 0.823958 0.794792 0.122917 0.160417