0 0.117188 0.085156 0.078125 0.101562
1 0.201563 0.085156 0.078125 0.101562
0 0.285938 0.085156 0.078125 0.101562
0 0.370312 0.085156 0.078125 0.101562
0 0.454688 0.085156 0.078125 0.101562
1 0.539062 0.085156 0.078125 0.101562
1 0.623437 0.085156 0.078125 0.101562
0 0.707812 0.085156 0.078125 0.101562
1 0.792188 0.085156 0.078125 0.101562
1 0.876563 0.085156 0.078125 0.101562
1 0.127344 0.332813 0.085938 0.143750
1 0.219531 0.332813 0.085938 0.143750
0 0.311719 0.332813 0.085938 0.143750
1 0.403906 0.332813 0.085938 0.143750
1 0.496094 0.332813 0.085938 0.143750
0 0.588281 0.332813 0.085938 0.143750
1 0.680469 0.332813 0.085938 0.143750
1 0.772656 0.332813 0.085938 0.143750
1 0.864844 0.332813 0.085938 0.143750
1 0.227344 0.594531 0.101562 0.129688
1 0.335156 0.594531 0.101562 0.129688
1 0.442969 0.594531 0.101562 0.129688
1 0.550781 0.594531 0.101562 0.129688
1 0.658594 0.594531 0.101562 0.129688
1 0.766406 0.594531 0.101562 0.129688
1 0.215625 0.860938 0.087500 0.153125
1 0.309375 0.860938 0.087500 0.153125
1 0.403125 0.860938 0.087500 0.153125
1 0.496875 0.860938 0.087500 0.153125
0 0.590625 0.860938 0.087500 0.153125
0 0.684375 0.860938 0.087500 0.153125
0 0.778125 0.860938 0.087500 0.153125