1 0.240625 0.165625 0.093750 0.143750
1 0.342708 0.165625 0.093750 0.143750
1 0.444792 0.165625 0.093750 0.143750
1 0.546875 0.165625 0.093750 0.143750
0 0.648958 0.165625 0.093750 0.143750
0 0.751042 0.165625 0.093750 0.143750
1 0.162500 0.509375 0.075000 0.135417
1 0.245833 0.509375 0.075000 0.135417
1 0.329167 0.509375 0.075000 0.135417
1 0.412500 0.509375 0.075000 0.135417
1 0.495833 0.509375 0.075000 0.135417
1 0.579167 0.509375 0.075000 0.135417
1 0.662500 0.509375 0.075000 0.135417
1 0.745833 0.509375 0.075000 0.135417
0 0.829167 0.509375 0.075000 0.135417