0 0.321875 0.137500 0.081250 0.153125
0 0.409375 0.137500 0.081250 0.153125
0 0.496875 0.137500 0.081250 0.153125
1 0.584375 0.137500 0.081250 0.153125
0 0.671875 0.137500 0.081250 0.153125
1 0.355469 0.378906 0.064062 0.120313
1 0.425781 0.378906 0.064062 0.120313
1 0.496094 0.378906 0.064062 0.120313
0 0.566406 0.378906 0.064062 0.120313
0 0.636719 0.378906 0.064062 0.120313
1 0.135937 0.607031 0.096875 0.126562
0 0.239063 0.607031 0.096875 0.126562
0 0.342187 0.607031 0.096875 0.126562
0 0.445312 0.607031 0.096875 0.126562
1 0.548438 0.607031 0.096875 0.126562
1 0.651563 0.607031 0.096875 0.126562
1 0.754687 0.607031 0.096875 0.126562
1 0.857812 0.607031 0.096875 0.126562
1 0.134375 0.835156 0.084375 0.120313
0 0.225000 0.835156 0.084375 0.120313
1 0.315625 0.835156 0.084375 0.120313
1 0.406250 0.835156 0.084375 0.120313
0 0.496875 0.835156 0.084375 0.120313
1 0.587500 0.835156 0.084375 0.120313
0 0.678125 0.835156 0.084375 0.120313
1 0.768750 0.835156 0.084375 0.120313
1 0.859375 0.835156 0.084375 0.120313