1 0.308594 0.146484 0.085938 0.171875
0 0.402344 0.146484 0.085938 0.171875
1 0.496094 0.146484 0.085938 0.171875
0 0.589844 0.146484 0.085938 0.171875
1 0.683594 0.146484 0.085938 0.171875
1 0.121094 0.455078 0.085938 0.195312
1 0.214844 0.455078 0.085938 0.195312
0 0.308594 0.455078 0.085938 0.195312
0 0.402344 0.455078 0.085938 0.195312
1 0.496094 0.455078 0.085938 0.195312
1 0.589844 0.455078 0.085938 0.195312
1 0.683594 0.455078 0.085938 0.195312
0 0.777344 0.455078 0.085938 0.195312
1 0.871094 0.455078 0.085938 0.195312
1 0.136719 0.756836 0.082031 0.158203
1 0.226562 0.756836 0.082031 0.158203
0 0.316406 0.756836 0.082031 0.158203
1 0.406250 0.756836 0.082031 0.158203
0 0.496094 0.756836 0.082031 0.158203
0 0.585938 0.756836 0.082031 0.158203
0 0.675781 0.756836 0.082031 0.158203
1 0.765625 0.756836 0.082031 0.158203
0 0.855469 0.756836 0.082031 0.158203