1 0.366319 0.122396 0.079861 0.126736
1 0.453125 0.122396 0.079861 0.126736
1 0.539931 0.122396 0.079861 0.126736
1 0.626736 0.122396 0.079861 0.126736
1 0.227431 0.389757 0.100694 0.164931
0 0.335069 0.389757 0.100694 0.164931
1 0.442708 0.389757 0.100694 0.164931
0 0.550347 0.389757 0.100694 0.164931
1 0.657986 0.389757 0.100694 0.164931
1 0.765625 0.389757 0.100694 0.164931
1 0.177083 0.677083 0.072917 0.166667
1 0.256944 0.677083 0.072917 0.166667
1 0.336806 0.677083 0.072917 0.166667
1 0.416667 0.677083 0.072917 0.166667
1 0.496528 0.677083 0.072917 0.166667
0 0.576389 0.677083 0.072917 0.166667
0 0.656250 0.677083 0.072917 0.166667
1 0.736111 0.677083 0.072917 0.166667
0 0.815972 0.677083 0.072917 0.166667