1 0.145833 0.166667 0.108333 0.195833
1 0.262500 0.166667 0.108333 0.195833
1 0.379167 0.166667 0.108333 0.195833
0 0.495833 0.166667 0.108333 0.195833
1 0.612500 0.166667 0.108333 0.195833
0 0.729167 0.166667 0.108333 0.195833
1 0.845833 0.166667 0.108333 0.195833
0 0.167708 0.535417 0.085417 0.145833
1 0.261458 0.535417 0.085417 0.145833
1 0.355208 0.535417 0.085417 0.145833
0 0.448958 0.535417 0.085417 0.145833
0 0.542708 0.535417 0.085417 0.145833
1 0.636458 0.535417 0.085417 0.145833
1 0.730208 0.535417 0.085417 0.145833
1 0.823958 0.535417 0.085417 0.145833