0 0.144097 0.119792 0.093750 0.131944
1 0.244792 0.119792 0.093750 0.131944
0 0.345486 0.119792 0.093750 0.131944
1 0.446181 0.119792 0.093750 0.131944
1 0.546875 0.119792 0.093750 0.131944
1 0.647569 0.119792 0.093750 0.131944
0 0.748264 0.119792 0.093750 0.131944
1 0.848958 0.119792 0.093750 0.131944
0 0.177083 0.415799 0.072917 0.147569
1 0.256944 0.415799 0.072917 0.147569
0 0.336806 0.415799 0.072917 0.147569
1 0.416667 0.415799 0.072917 0.147569
1 0.496528 0.415799 0.072917 0.147569
1 0.576389 0.415799 0.072917 0.147569
0 0.656250 0.415799 0.072917 0.147569
1 0.736111 0.415799 0.072917 0.147569
1 0.815972 0.415799 0.072917 0.147569
1 0.256076 0.717014 0.112847 0.142361
0 0.375868 0.717014 0.112847 0.142361
0 0.495660 0.717014 0.112847 0.142361
0 0.615451 0.717014 0.112847 0.142361
0 0.735243 0.717014 0.112847 0.142361