0 0.182292 0.187500 0.081250 0.170833
0 0.271875 0.187500 0.081250 0.170833
0 0.361458 0.187500 0.081250 0.170833
0 0.451042 0.187500 0.081250 0.170833
0 0.540625 0.187500 0.081250 0.170833
1 0.630208 0.187500 0.081250 0.170833
0 0.719792 0.187500 0.081250 0.170833
1 0.809375 0.187500 0.081250 0.170833
1 0.204167 0.566667 0.108333 0.170833
0 0.320833 0.566667 0.108333 0.170833
0 0.437500 0.566667 0.108333 0.170833
1 0.554167 0.566667 0.108333 0.170833
0 0.670833 0.566667 0.108333 0.170833
0 0.787500 0.566667 0.108333 0.170833