1 0.153320 0.183594 0.068359 0.171875
1 0.229492 0.183594 0.068359 0.171875
1 0.305664 0.183594 0.068359 0.171875
0 0.381836 0.183594 0.068359 0.171875
0 0.458008 0.183594 0.068359 0.171875
0 0.534180 0.183594 0.068359 0.171875
1 0.610352 0.183594 0.068359 0.171875
1 0.686523 0.183594 0.068359 0.171875
1 0.762695 0.183594 0.068359 0.171875
1 0.838867 0.183594 0.068359 0.171875
0 0.159180 0.495117 0.076172 0.134766
1 0.243164 0.495117 0.076172 0.134766
0 0.327148 0.495117 0.076172 0.134766
0 0.411133 0.495117 0.076172 0.134766
0 0.495117 0.495117 0.076172 0.134766
0 0.579102 0.495117 0.076172 0.134766
1 0.663086 0.495117 0.076172 0.134766
1 0.747070 0.495117 0.076172 0.134766
0 0.831055 0.495117 0.076172 0.134766
1 0.174805 0.791992 0.083984 0.142578
1 0.266602 0.791992 0.083984 0.142578
1 0.358398 0.791992 0.083984 0.142578
1 0.450195 0.791992 0.083984 0.142578
1 0.541992 0.791992 0.083984 0.142578
0 0.633789 0.791992 0.083984 0.142578
0 0.725586 0.791992 0.083984 0.142578
1 0.817383 0.791992 0.083984 0.142578