1 0.238715 0.104167 0.164931 0.052083
1 0.410590 0.104167 0.164931 0.052083
0 0.582465 0.104167 0.164931 0.052083
0 0.754340 0.104167 0.164931 0.052083
1 0.184028 0.273438 0.149306 0.067708
0 0.340278 0.273438 0.149306 0.067708
1 0.496528 0.273438 0.149306 0.067708
1 0.652778 0.273438 0.149306 0.067708
1 0.809028 0.273438 0.149306 0.067708
1 0.170139 0.442708 0.156250 0.052083
1 0.333333 0.442708 0.156250 0.052083
1 0.496528 0.442708 0.156250 0.052083
1 0.659722 0.442708 0.156250 0.052083
0 0.822917 0.442708 0.156250 0.052083
0 0.275174 0.615451 0.140625 0.074653
1 0.422743 0.615451 0.140625 0.074653
1 0.570312 0.615451 0.140625 0.074653
0 0.717882 0.615451 0.140625 0.074653