1 0.146701 0.145833 0.109375 0.142361
1 0.263021 0.145833 0.109375 0.142361
0 0.379340 0.145833 0.109375 0.142361
1 0.495660 0.145833 0.109375 0.142361
1 0.611979 0.145833 0.109375 0.142361
1 0.728299 0.145833 0.109375 0.142361
1 0.844618 0.145833 0.109375 0.142361
1 0.121528 0.405382 0.086806 0.164931
1 0.215278 0.405382 0.086806 0.164931
1 0.309028 0.405382 0.086806 0.164931
1 0.402778 0.405382 0.086806 0.164931
1 0.496528 0.405382 0.086806 0.164931
1 0.590278 0.405382 0.086806 0.164931
1 0.684028 0.405382 0.086806 0.164931
0 0.777778 0.405382 0.086806 0.164931
1 0.871528 0.405382 0.086806 0.164931
1 0.297743 0.653646 0.092014 0.119792
1 0.396701 0.653646 0.092014 0.119792
1 0.495660 0.653646 0.092014 0.119792
0 0.594618 0.653646 0.092014 0.119792
1 0.693576 0.653646 0.092014 0.119792