1 0.153125 0.163542 0.089583 0.197917
1 0.251042 0.163542 0.089583 0.197917
1 0.348958 0.163542 0.089583 0.197917
0 0.446875 0.163542 0.089583 0.197917
0 0.544792 0.163542 0.089583 0.197917
0 0.642708 0.163542 0.089583 0.197917
1 0.740625 0.163542 0.089583 0.197917
1 0.838542 0.163542 0.089583 0.197917
0 0.152083 0.506250 0.129167 0.150000
0 0.289583 0.506250 0.129167 0.150000
1 0.427083 0.506250 0.129167 0.150000
0 0.564583 0.506250 0.129167 0.150000
1 0.702083 0.506250 0.129167 0.150000
0 0.839583 0.506250 0.129167 0.150000
0 0.251042 0.837500 0.089583 0.175000
1 0.348958 0.837500 0.089583 0.175000
0 0.446875 0.837500 0.089583 0.175000
1 0.544792 0.837500 0.089583 0.175000
1 0.642708 0.837500 0.089583 0.175000
0 0.740625 0.837500 0.089583 0.175000