1 0.173958 0.110417 0.206250 0.091667
0 0.388542 0.110417 0.206250 0.091667
1 0.603125 0.110417 0.206250 0.091667
0 0.817708 0.110417 0.206250 0.091667
1 0.180208 0.333333 0.202083 0.075000
1 0.390625 0.333333 0.202083 0.075000
0 0.601042 0.333333 0.202083 0.075000
1 0.811458 0.333333 0.202083 0.075000
1 0.192708 0.556250 0.193750 0.091667
1 0.394792 0.556250 0.193750 0.091667
0 0.596875 0.556250 0.193750 0.091667
0 0.798958 0.556250 0.193750 0.091667
1 0.230208 0.776042 0.168750 0.068750
0 0.407292 0.776042 0.168750 0.068750
1 0.584375 0.776042 0.168750 0.068750
1 0.761458 0.776042 0.168750 0.068750