1 0.159180 0.117188 0.126953 0.152344
0 0.293945 0.117188 0.126953 0.152344
1 0.428711 0.117188 0.126953 0.152344
0 0.563477 0.117188 0.126953 0.152344
1 0.698242 0.117188 0.126953 0.152344
0 0.833008 0.117188 0.126953 0.152344
0 0.355469 0.408203 0.085938 0.167969
0 0.449219 0.408203 0.085938 0.167969
0 0.542969 0.408203 0.085938 0.167969
0 0.636719 0.408203 0.085938 0.167969
1 0.219727 0.696289 0.083984 0.146484
1 0.311523 0.696289 0.083984 0.146484
1 0.403320 0.696289 0.083984 0.146484
1 0.495117 0.696289 0.083984 0.146484
1 0.586914 0.696289 0.083984 0.146484
0 0.678711 0.696289 0.083984 0.146484
0 0.770508 0.696289 0.083984 0.146484