1 0.177951 0.149306 0.098958 0.142361
1 0.283854 0.149306 0.098958 0.142361
0 0.389757 0.149306 0.098958 0.142361
1 0.495660 0.149306 0.098958 0.142361
0 0.601562 0.149306 0.098958 0.142361
0 0.707465 0.149306 0.098958 0.142361
1 0.813368 0.149306 0.098958 0.142361
1 0.173611 0.413194 0.100694 0.152778
1 0.281250 0.413194 0.100694 0.152778
1 0.388889 0.413194 0.100694 0.152778
0 0.496528 0.413194 0.100694 0.152778
1 0.604167 0.413194 0.100694 0.152778
0 0.711806 0.413194 0.100694 0.152778
0 0.819444 0.413194 0.100694 0.152778
1 0.241319 0.671007 0.065972 0.130208
0 0.314236 0.671007 0.065972 0.130208
1 0.387153 0.671007 0.065972 0.130208
1 0.460069 0.671007 0.065972 0.130208
1 0.532986 0.671007 0.065972 0.130208
1 0.605903 0.671007 0.065972 0.130208
0 0.678819 0.671007 0.065972 0.130208
1 0.751736 0.671007 0.065972 0.130208