1 0.163542 0.148958 0.102083 0.172917
1 0.273958 0.148958 0.102083 0.172917
1 0.384375 0.148958 0.102083 0.172917
1 0.494792 0.148958 0.102083 0.172917
1 0.605208 0.148958 0.102083 0.172917
1 0.715625 0.148958 0.102083 0.172917
1 0.826042 0.148958 0.102083 0.172917
1 0.158333 0.469792 0.104167 0.181250
1 0.270833 0.469792 0.104167 0.181250
1 0.383333 0.469792 0.104167 0.181250
1 0.495833 0.469792 0.104167 0.181250
1 0.608333 0.469792 0.104167 0.181250
0 0.720833 0.469792 0.104167 0.181250
1 0.833333 0.469792 0.104167 0.181250
1 0.280208 0.779167 0.135417 0.150000
1 0.423958 0.779167 0.135417 0.150000
1 0.567708 0.779167 0.135417 0.150000
1 0.711458 0.779167 0.135417 0.150000