1 0.365625 0.111719 0.081250 0.139063
0 0.453125 0.111719 0.081250 0.139063
1 0.540625 0.111719 0.081250 0.139063
0 0.628125 0.111719 0.081250 0.139063
1 0.215625 0.373437 0.056250 0.121875
0 0.278125 0.373437 0.056250 0.121875
1 0.340625 0.373437 0.056250 0.121875
0 0.403125 0.373437 0.056250 0.121875
0 0.465625 0.373437 0.056250 0.121875
1 0.528125 0.373437 0.056250 0.121875
1 0.590625 0.373437 0.056250 0.121875
0 0.653125 0.373437 0.056250 0.121875
0 0.715625 0.373437 0.056250 0.121875
1 0.778125 0.373437 0.056250 0.121875
0 0.374219 0.639062 0.054688 0.146875
0 0.435156 0.639062 0.054688 0.146875
1 0.496094 0.639062 0.054688 0.146875
1 0.557031 0.639062 0.054688 0.146875
1 0.617969 0.639062 0.054688 0.146875