1 0.172917 0.141667 0.120833 0.162500
0 0.302083 0.141667 0.120833 0.162500
1 0.431250 0.141667 0.120833 0.162500
1 0.560417 0.141667 0.120833 0.162500
1 0.689583 0.141667 0.120833 0.162500
0 0.818750 0.141667 0.120833 0.162500
0 0.292708 0.465625 0.072917 0.143750
1 0.373958 0.465625 0.072917 0.143750
0 0.455208 0.465625 0.072917 0.143750
1 0.536458 0.465625 0.072917 0.143750
1 0.617708 0.465625 0.072917 0.143750
0 0.698958 0.465625 0.072917 0.143750
0 0.123958 0.796875 0.097917 0.177083
0 0.230208 0.796875 0.097917 0.177083
0 0.336458 0.796875 0.097917 0.177083
1 0.442708 0.796875 0.097917 0.177083
1 0.548958 0.796875 0.097917 0.177083
1 0.655208 0.796875 0.097917 0.177083
1 0.761458 0.796875 0.097917 0.177083
1 0.867708 0.796875 0.097917 0.177083