0 0.203125 0.089844 0.140625 0.070312
1 0.350000 0.089844 0.140625 0.070312
1 0.496875 0.089844 0.140625 0.070312
0 0.643750 0.089844 0.140625 0.070312
1 0.790625 0.089844 0.140625 0.070312
0 0.150000 0.282813 0.109375 0.059375
1 0.265625 0.282813 0.109375 0.059375
1 0.381250 0.282813 0.109375 0.059375
1 0.496875 0.282813 0.109375 0.059375
1 0.612500 0.282813 0.109375 0.059375
0 0.728125 0.282813 0.109375 0.059375
1 0.843750 0.282813 0.109375 0.059375
1 0.302344 0.471094 0.123438 0.060937
0 0.432031 0.471094 0.123438 0.060937
1 0.561719 0.471094 0.123438 0.060937
1 0.691406 0.471094 0.123438 0.060937
1 0.171875 0.663281 0.156250 0.067187
0 0.334375 0.663281 0.156250 0.067187
0 0.496875 0.663281 0.156250 0.067187
1 0.659375 0.663281 0.156250 0.067187
1 0.821875 0.663281 0.156250 0.067187