1 0.177083 0.083333 0.152778 0.072917
0 0.336806 0.083333 0.152778 0.072917
1 0.496528 0.083333 0.152778 0.072917
1 0.656250 0.083333 0.152778 0.072917
0 0.815972 0.083333 0.152778 0.072917
1 0.156250 0.287326 0.163194 0.053819
1 0.326389 0.287326 0.163194 0.053819
0 0.496528 0.287326 0.163194 0.053819
0 0.666667 0.287326 0.163194 0.053819
0 0.836806 0.287326 0.163194 0.053819
1 0.118924 0.486979 0.144097 0.064236
1 0.269965 0.486979 0.144097 0.064236
1 0.421007 0.486979 0.144097 0.064236
1 0.572049 0.486979 0.144097 0.064236
0 0.723090 0.486979 0.144097 0.064236
1 0.874132 0.486979 0.144097 0.064236
1 0.172743 0.690972 0.154514 0.062500
1 0.334201 0.690972 0.154514 0.062500
1 0.495660 0.690972 0.154514 0.062500
0 0.657118 0.690972 0.154514 0.062500
1 0.818576 0.690972 0.154514 0.062500