0 0.189844 0.112500 0.070312 0.134375
1 0.266406 0.112500 0.070312 0.134375
1 0.342969 0.112500 0.070312 0.134375
1 0.419531 0.112500 0.070312 0.134375
1 0.496094 0.112500 0.070312 0.134375
0 0.572656 0.112500 0.070312 0.134375
1 0.649219 0.112500 0.070312 0.134375
1 0.725781 0.112500 0.070312 0.134375
1 0.802344 0.112500 0.070312 0.134375
1 0.272656 0.353125 0.057813 0.134375
1 0.336719 0.353125 0.057813 0.134375
0 0.400781 0.353125 0.057813 0.134375
1 0.464844 0.353125 0.057813 0.134375
0 0.528906 0.353125 0.057813 0.134375
0 0.592969 0.353125 0.057813 0.134375
1 0.657031 0.353125 0.057813 0.134375
1 0.721094 0.353125 0.057813 0.134375
0 0.317969 0.584375 0.082812 0.115625
0 0.407031 0.584375 0.082812 0.115625
1 0.496094 0.584375 0.082812 0.115625
1 0.585156 0.584375 0.082812 0.115625
1 0.674219 0.584375 0.082812 0.115625
0 0.202344 0.820312 0.067187 0.143750
0 0.275781 0.820312 0.067187 0.143750
1 0.349219 0.820312 0.067187 0.143750
1 0.422656 0.820312 0.067187 0.143750
0 0.496094 0.820312 0.067187 0.143750
0 0.569531 0.820312 0.067187 0.143750
1 0.642969 0.820312 0.067187 0.143750
1 0.716406 0.820312 0.067187 0.143750
0 0.789844 0.820312 0.067187 0.143750