1 0.119531 0.108594 0.101562 0.110937
0 0.227344 0.108594 0.101562 0.110937
1 0.335156 0.108594 0.101562 0.110937
1 0.442969 0.108594 0.101562 0.110937
1 0.550781 0.108594 0.101562 0.110937
1 0.658594 0.108594 0.101562 0.110937
1 0.766406 0.108594 0.101562 0.110937
0 0.874219 0.108594 0.101562 0.110937
1 0.285938 0.354687 0.078125 0.150000
1 0.370312 0.354687 0.078125 0.150000
0 0.454688 0.354687 0.078125 0.150000
1 0.539062 0.354687 0.078125 0.150000
1 0.623437 0.354687 0.078125 0.150000
1 0.707812 0.354687 0.078125 0.150000
1 0.138281 0.612500 0.073438 0.134375
1 0.217969 0.612500 0.073438 0.134375
1 0.297656 0.612500 0.073438 0.134375
1 0.377344 0.612500 0.073438 0.134375
1 0.457031 0.612500 0.073438 0.134375
1 0.536719 0.612500 0.073438 0.134375
1 0.616406 0.612500 0.073438 0.134375
0 0.696094 0.612500 0.073438 0.134375
1 0.775781 0.612500 0.073438 0.134375
1 0.855469 0.612500 0.073438 0.134375
1 0.355469 0.851562 0.064062 0.112500
1 0.425781 0.851562 0.064062 0.112500
0 0.496094 0.851562 0.064062 0.112500
1 0.566406 0.851562 0.064062 0.112500
1 0.636719 0.851562 0.064062 0.112500