1 0.162500 0.183333 0.075000 0.175000
1 0.245833 0.183333 0.075000 0.175000
1 0.329167 0.183333 0.075000 0.175000
1 0.412500 0.183333 0.075000 0.175000
1 0.495833 0.183333 0.075000 0.175000
1 0.579167 0.183333 0.075000 0.175000
0 0.662500 0.183333 0.075000 0.175000
1 0.745833 0.183333 0.075000 0.175000
1 0.829167 0.183333 0.075000 0.175000
1 0.167708 0.530208 0.085417 0.135417
0 0.261458 0.530208 0.085417 0.135417
0 0.355208 0.530208 0.085417 0.135417
1 0.448958 0.530208 0.085417 0.135417
1 0.542708 0.530208 0.085417 0.135417
1 0.636458 0.530208 0.085417 0.135417
0 0.730208 0.530208 0.085417 0.135417
0 0.823958 0.530208 0.085417 0.135417