0 0.130208 0.157292 0.072917 0.135417
1 0.211458 0.157292 0.072917 0.135417
0 0.292708 0.157292 0.072917 0.135417
0 0.373958 0.157292 0.072917 0.135417
0 0.455208 0.157292 0.072917 0.135417
1 0.536458 0.157292 0.072917 0.135417
0 0.617708 0.157292 0.072917 0.135417
1 0.698958 0.157292 0.072917 0.135417
1 0.780208 0.157292 0.072917 0.135417
1 0.861458 0.157292 0.072917 0.135417
1 0.339583 0.476042 0.095833 0.135417
1 0.443750 0.476042 0.095833 0.135417
0 0.547917 0.476042 0.095833 0.135417
1 0.652083 0.476042 0.095833 0.135417