0 0.207031 0.120313 0.076563 0.156250
0 0.289844 0.120313 0.076563 0.156250
1 0.372656 0.120313 0.076563 0.156250
1 0.455469 0.120313 0.076563 0.156250
1 0.538281 0.120313 0.076563 0.156250
1 0.621094 0.120313 0.076563 0.156250
1 0.703906 0.120313 0.076563 0.156250
1 0.786719 0.120313 0.076563 0.156250
1 0.266406 0.368750 0.070312 0.118750
0 0.342969 0.368750 0.070312 0.118750
1 0.419531 0.368750 0.070312 0.118750
0 0.496094 0.368750 0.070312 0.118750
1 0.572656 0.368750 0.070312 0.118750
1 0.649219 0.368750 0.070312 0.118750
0 0.725781 0.368750 0.070312 0.118750
1 0.346875 0.616406 0.093750 0.154688
1 0.446875 0.616406 0.093750 0.154688
1 0.546875 0.616406 0.093750 0.154688
1 0.646875 0.616406 0.093750 0.154688