0 0.127604 0.072917 0.140625 0.062500
1 0.275174 0.072917 0.140625 0.062500
1 0.422743 0.072917 0.140625 0.062500
1 0.570312 0.072917 0.140625 0.062500
1 0.717882 0.072917 0.140625 0.062500
1 0.865451 0.072917 0.140625 0.062500
0 0.123264 0.275174 0.142361 0.053819
0 0.272569 0.275174 0.142361 0.053819
0 0.421875 0.275174 0.142361 0.053819
1 0.571181 0.275174 0.142361 0.053819
1 0.720486 0.275174 0.142361 0.053819
1 0.869792 0.275174 0.142361 0.053819
1 0.151910 0.476562 0.164931 0.060764
1 0.323785 0.476562 0.164931 0.060764
0 0.495660 0.476562 0.164931 0.060764
0 0.667535 0.476562 0.164931 0.060764
1 0.839410 0.476562 0.164931 0.060764
1 0.131944 0.684896 0.138889 0.067708
1 0.277778 0.684896 0.138889 0.067708
0 0.423611 0.684896 0.138889 0.067708
0 0.569444 0.684896 0.138889 0.067708
1 0.715278 0.684896 0.138889 0.067708
1 0.861111 0.684896 0.138889 0.067708