1 0.183594 0.153320 0.117188 0.193359
1 0.308594 0.153320 0.117188 0.193359
0 0.433594 0.153320 0.117188 0.193359
1 0.558594 0.153320 0.117188 0.193359
1 0.683594 0.153320 0.117188 0.193359
1 0.808594 0.153320 0.117188 0.193359
0 0.133789 0.519531 0.095703 0.183594
1 0.237305 0.519531 0.095703 0.183594
0 0.340820 0.519531 0.095703 0.183594
1 0.444336 0.519531 0.095703 0.183594
1 0.547852 0.519531 0.095703 0.183594
1 0.651367 0.519531 0.095703 0.183594
0 0.754883 0.519531 0.095703 0.183594
1 0.858398 0.519531 0.095703 0.183594