0 0.112305 0.154297 0.087891 0.187500
1 0.208008 0.154297 0.087891 0.187500
0 0.303711 0.154297 0.087891 0.187500
0 0.399414 0.154297 0.087891 0.187500
1 0.495117 0.154297 0.087891 0.187500
1 0.590820 0.154297 0.087891 0.187500
0 0.686523 0.154297 0.087891 0.187500
1 0.782227 0.154297 0.087891 0.187500
1 0.877930 0.154297 0.087891 0.187500
1 0.133789 0.497070 0.095703 0.166016
1 0.237305 0.497070 0.095703 0.166016
1 0.340820 0.497070 0.095703 0.166016
1 0.444336 0.497070 0.095703 0.166016
1 0.547852 0.497070 0.095703 0.166016
1 0.651367 0.497070 0.095703 0.166016
1 0.754883 0.497070 0.095703 0.166016
1 0.858398 0.497070 0.095703 0.166016
1 0.168945 0.815430 0.123047 0.138672
1 0.299805 0.815430 0.123047 0.138672
1 0.430664 0.815430 0.123047 0.138672
1 0.561523 0.815430 0.123047 0.138672
1 0.692383 0.815430 0.123047 0.138672
1 0.823242 0.815430 0.123047 0.138672