1 0.112500 0.128125 0.087500 0.164583
0 0.208333 0.128125 0.087500 0.164583
1 0.304167 0.128125 0.087500 0.164583
1 0.400000 0.128125 0.087500 0.164583
0 0.495833 0.128125 0.087500 0.164583
1 0.591667 0.128125 0.087500 0.164583
1 0.687500 0.128125 0.087500 0.164583
1 0.783333 0.128125 0.087500 0.164583
1 0.879167 0.128125 0.087500 0.164583
0 0.103125 0.502083 0.089583 0.187500
0 0.201042 0.502083 0.089583 0.187500
0 0.298958 0.502083 0.089583 0.187500
1 0.396875 0.502083 0.089583 0.187500
1 0.494792 0.502083 0.089583 0.187500
1 0.592708 0.502083 0.089583 0.187500
1 0.690625 0.502083 0.089583 0.187500
1 0.788542 0.502083 0.089583 0.187500
1 0.886458 0.502083 0.089583 0.187500