0 0.299219 0.126562 0.092188 0.137500
1 0.397656 0.126562 0.092188 0.137500
1 0.496094 0.126562 0.092188 0.137500
1 0.594531 0.126562 0.092188 0.137500
1 0.692969 0.126562 0.092188 0.137500
1 0.315625 0.378906 0.084375 0.145313
1 0.406250 0.378906 0.084375 0.145313
1 0.496875 0.378906 0.084375 0.145313
0 0.587500 0.378906 0.084375 0.145313
1 0.678125 0.378906 0.084375 0.145313
1 0.184375 0.633594 0.071875 0.142187
1 0.262500 0.633594 0.071875 0.142187
1 0.340625 0.633594 0.071875 0.142187
1 0.418750 0.633594 0.071875 0.142187
1 0.496875 0.633594 0.071875 0.142187
1 0.575000 0.633594 0.071875 0.142187
0 0.653125 0.633594 0.071875 0.142187
0 0.731250 0.633594 0.071875 0.142187
0 0.809375 0.633594 0.071875 0.142187