1 0.180469 0.107813 0.064062 0.143750
1 0.250781 0.107813 0.064062 0.143750
1 0.321094 0.107813 0.064062 0.143750
0 0.391406 0.107813 0.064062 0.143750
1 0.461719 0.107813 0.064062 0.143750
1 0.532031 0.107813 0.064062 0.143750
1 0.602344 0.107813 0.064062 0.143750
1 0.672656 0.107813 0.064062 0.143750
1 0.742969 0.107813 0.064062 0.143750
0 0.813281 0.107813 0.064062 0.143750
0 0.217969 0.392188 0.073438 0.137500
0 0.297656 0.392188 0.073438 0.137500
1 0.377344 0.392188 0.073438 0.137500
0 0.457031 0.392188 0.073438 0.137500
1 0.536719 0.392188 0.073438 0.137500
1 0.616406 0.392188 0.073438 0.137500
1 0.696094 0.392188 0.073438 0.137500
1 0.775781 0.392188 0.073438 0.137500
1 0.336719 0.655469 0.057813 0.101562
1 0.400781 0.655469 0.057813 0.101562
1 0.464844 0.655469 0.057813 0.101562
1 0.528906 0.655469 0.057813 0.101562
1 0.592969 0.655469 0.057813 0.101562
1 0.657031 0.655469 0.057813 0.101562