1 0.113281 0.125000 0.070312 0.106250
0 0.189844 0.125000 0.070312 0.106250
1 0.266406 0.125000 0.070312 0.106250
0 0.342969 0.125000 0.070312 0.106250
1 0.419531 0.125000 0.070312 0.106250
0 0.496094 0.125000 0.070312 0.106250
1 0.572656 0.125000 0.070312 0.106250
1 0.649219 0.125000 0.070312 0.106250
0 0.725781 0.125000 0.070312 0.106250
0 0.802344 0.125000 0.070312 0.106250
1 0.878906 0.125000 0.070312 0.106250
1 0.379688 0.363281 0.071875 0.139063
0 0.457813 0.363281 0.071875 0.139063
1 0.535937 0.363281 0.071875 0.139063
1 0.614062 0.363281 0.071875 0.139063
1 0.238281 0.614844 0.079687 0.132812
1 0.324219 0.614844 0.079687 0.132812
1 0.410156 0.614844 0.079687 0.132812
1 0.496094 0.614844 0.079687 0.132812
0 0.582031 0.614844 0.079687 0.132812
1 0.667969 0.614844 0.079687 0.132812
1 0.753906 0.614844 0.079687 0.132812