1 0.147461 0.132812 0.091797 0.148438
1 0.247070 0.132812 0.091797 0.148438
1 0.346680 0.132812 0.091797 0.148438
1 0.446289 0.132812 0.091797 0.148438
0 0.545898 0.132812 0.091797 0.148438
0 0.645508 0.132812 0.091797 0.148438
0 0.745117 0.132812 0.091797 0.148438
1 0.844727 0.132812 0.091797 0.148438
1 0.266602 0.471680 0.068359 0.169922
0 0.342773 0.471680 0.068359 0.169922
0 0.418945 0.471680 0.068359 0.169922
1 0.495117 0.471680 0.068359 0.169922
0 0.571289 0.471680 0.068359 0.169922
1 0.647461 0.471680 0.068359 0.169922
1 0.723633 0.471680 0.068359 0.169922
1 0.100586 0.801758 0.080078 0.130859
1 0.188477 0.801758 0.080078 0.130859
1 0.276367 0.801758 0.080078 0.130859
0 0.364258 0.801758 0.080078 0.130859
1 0.452148 0.801758 0.080078 0.130859
1 0.540039 0.801758 0.080078 0.130859
0 0.627930 0.801758 0.080078 0.130859
1 0.715820 0.801758 0.080078 0.130859
1 0.803711 0.801758 0.080078 0.130859
0 0.891602 0.801758 0.080078 0.130859