1 0.178711 0.154297 0.119141 0.148438
0 0.305664 0.154297 0.119141 0.148438
1 0.432617 0.154297 0.119141 0.148438
1 0.559570 0.154297 0.119141 0.148438
1 0.686523 0.154297 0.119141 0.148438
0 0.813477 0.154297 0.119141 0.148438
1 0.127930 0.471680 0.083984 0.146484
1 0.219727 0.471680 0.083984 0.146484
1 0.311523 0.471680 0.083984 0.146484
0 0.403320 0.471680 0.083984 0.146484
0 0.495117 0.471680 0.083984 0.146484
1 0.586914 0.471680 0.083984 0.146484
0 0.678711 0.471680 0.083984 0.146484
1 0.770508 0.471680 0.083984 0.146484
0 0.862305 0.471680 0.083984 0.146484
1 0.140625 0.791992 0.093750 0.154297
1 0.242188 0.791992 0.093750 0.154297
1 0.343750 0.791992 0.093750 0.154297
0 0.445312 0.791992 0.093750 0.154297
1 0.546875 0.791992 0.093750 0.154297
1 0.648438 0.791992 0.093750 0.154297
1 0.750000 0.791992 0.093750 0.154297
0 0.851562 0.791992 0.093750 0.154297