1 0.311719 0.060937 0.117188 0.046875
0 0.435156 0.060937 0.117188 0.046875
1 0.558594 0.060937 0.117188 0.046875
1 0.682031 0.060937 0.117188 0.046875
1 0.178125 0.253906 0.153125 0.064062
1 0.337500 0.253906 0.153125 0.064062
0 0.496875 0.253906 0.153125 0.064062
0 0.656250 0.253906 0.153125 0.064062
1 0.815625 0.253906 0.153125 0.064062
1 0.323437 0.457031 0.109375 0.067187
1 0.439063 0.457031 0.109375 0.067187
1 0.554688 0.457031 0.109375 0.067187
0 0.670312 0.457031 0.109375 0.067187
0 0.092188 0.653906 0.109375 0.051562
1 0.207813 0.653906 0.109375 0.051562
1 0.323437 0.653906 0.109375 0.051562
0 0.439063 0.653906 0.109375 0.051562
1 0.554688 0.653906 0.109375 0.051562
1 0.670312 0.653906 0.109375 0.051562
0 0.785937 0.653906 0.109375 0.051562
1 0.901563 0.653906 0.109375 0.051562