0 0.162326 0.122396 0.088542 0.144097
1 0.257812 0.122396 0.088542 0.144097
1 0.353299 0.122396 0.088542 0.144097
1 0.448785 0.122396 0.088542 0.144097
1 0.544271 0.122396 0.088542 0.144097
0 0.639757 0.122396 0.088542 0.144097
1 0.735243 0.122396 0.088542 0.144097
1 0.830729 0.122396 0.088542 0.144097
1 0.119792 0.411458 0.100694 0.170139
0 0.227431 0.411458 0.100694 0.170139
0 0.335069 0.411458 0.100694 0.170139
1 0.442708 0.411458 0.100694 0.170139
1 0.550347 0.411458 0.100694 0.170139
1 0.657986 0.411458 0.100694 0.170139
1 0.765625 0.411458 0.100694 0.170139
0 0.873264 0.411458 0.100694 0.170139
0 0.315972 0.696181 0.083333 0.135417
0 0.406250 0.696181 0.083333 0.135417
1 0.496528 0.696181 0.083333 0.135417
1 0.586806 0.696181 0.083333 0.135417
1 0.677083 0.696181 0.083333 0.135417