1 0.213542 0.151042 0.085417 0.160417
1 0.307292 0.151042 0.085417 0.160417
0 0.401042 0.151042 0.085417 0.160417
1 0.494792 0.151042 0.085417 0.160417
1 0.588542 0.151042 0.085417 0.160417
0 0.682292 0.151042 0.085417 0.160417
1 0.776042 0.151042 0.085417 0.160417
1 0.120833 0.494792 0.075000 0.181250
1 0.204167 0.494792 0.075000 0.181250
1 0.287500 0.494792 0.075000 0.181250
0 0.370833 0.494792 0.075000 0.181250
0 0.454167 0.494792 0.075000 0.181250
1 0.537500 0.494792 0.075000 0.181250
1 0.620833 0.494792 0.075000 0.181250
1 0.704167 0.494792 0.075000 0.181250
1 0.787500 0.494792 0.075000 0.181250
1 0.870833 0.494792 0.075000 0.181250