0 0.287500 0.170833 0.095833 0.175000
1 0.391667 0.170833 0.095833 0.175000
1 0.495833 0.170833 0.095833 0.175000
0 0.600000 0.170833 0.095833 0.175000
1 0.704167 0.170833 0.095833 0.175000
1 0.162500 0.469792 0.125000 0.152083
0 0.295833 0.469792 0.125000 0.152083
1 0.429167 0.469792 0.125000 0.152083
1 0.562500 0.469792 0.125000 0.152083
0 0.695833 0.469792 0.125000 0.152083
1 0.829167 0.469792 0.125000 0.152083
1 0.308333 0.757292 0.116667 0.152083
0 0.433333 0.757292 0.116667 0.152083
1 0.558333 0.757292 0.116667 0.152083
1 0.683333 0.757292 0.116667 0.152083