0 0.303906 0.092188 0.057813 0.115625
1 0.367969 0.092188 0.057813 0.115625
1 0.432031 0.092188 0.057813 0.115625
1 0.496094 0.092188 0.057813 0.115625
1 0.560156 0.092188 0.057813 0.115625
1 0.624219 0.092188 0.057813 0.115625
0 0.688281 0.092188 0.057813 0.115625
1 0.146875 0.332813 0.093750 0.150000
1 0.246875 0.332813 0.093750 0.150000
1 0.346875 0.332813 0.093750 0.150000
1 0.446875 0.332813 0.093750 0.150000
0 0.546875 0.332813 0.093750 0.150000
1 0.646875 0.332813 0.093750 0.150000
0 0.746875 0.332813 0.093750 0.150000
1 0.846875 0.332813 0.093750 0.150000
0 0.253125 0.591406 0.075000 0.151562
1 0.334375 0.591406 0.075000 0.151562
1 0.415625 0.591406 0.075000 0.151562
1 0.496875 0.591406 0.075000 0.151562
1 0.578125 0.591406 0.075000 0.151562
0 0.659375 0.591406 0.075000 0.151562
0 0.740625 0.591406 0.075000 0.151562