1 0.129167 0.136458 0.083333 0.160417
1 0.220833 0.136458 0.083333 0.160417
1 0.312500 0.136458 0.083333 0.160417
1 0.404167 0.136458 0.083333 0.160417
1 0.495833 0.136458 0.083333 0.160417
0 0.587500 0.136458 0.083333 0.160417
1 0.679167 0.136458 0.083333 0.160417
1 0.770833 0.136458 0.083333 0.160417
1 0.862500 0.136458 0.083333 0.160417
1 0.145833 0.437500 0.079167 0.162500
0 0.233333 0.437500 0.079167 0.162500
0 0.320833 0.437500 0.079167 0.162500
1 0.408333 0.437500 0.079167 0.162500
1 0.495833 0.437500 0.079167 0.162500
1 0.583333 0.437500 0.079167 0.162500
1 0.670833 0.437500 0.079167 0.162500
1 0.758333 0.437500 0.079167 0.162500
1 0.845833 0.437500 0.079167 0.162500
0 0.129167 0.754167 0.083333 0.191667
0 0.220833 0.754167 0.083333 0.191667
1 0.312500 0.754167 0.083333 0.191667
1 0.404167 0.754167 0.083333 0.191667
1 0.495833 0.754167 0.083333 0.191667
1 0.587500 0.754167 0.083333 0.191667
1 0.679167 0.754167 0.083333 0.191667
0 0.770833 0.754167 0.083333 0.191667
1 0.862500 0.754167 0.083333 0.191667