1 0.203125 0.134766 0.109375 0.148438
0 0.320312 0.134766 0.109375 0.148438
1 0.437500 0.134766 0.109375 0.148438
1 0.554688 0.134766 0.109375 0.148438
1 0.671875 0.134766 0.109375 0.148438
1 0.789062 0.134766 0.109375 0.148438
1 0.120117 0.469727 0.099609 0.158203
0 0.227539 0.469727 0.099609 0.158203
0 0.334961 0.469727 0.099609 0.158203
1 0.442383 0.469727 0.099609 0.158203
1 0.549805 0.469727 0.099609 0.158203
1 0.657227 0.469727 0.099609 0.158203
1 0.764648 0.469727 0.099609 0.158203
1 0.872070 0.469727 0.099609 0.158203
0 0.125977 0.814453 0.115234 0.167969
1 0.249023 0.814453 0.115234 0.167969
0 0.372070 0.814453 0.115234 0.167969
1 0.495117 0.814453 0.115234 0.167969
0 0.618164 0.814453 0.115234 0.167969
0 0.741211 0.814453 0.115234 0.167969
1 0.864258 0.814453 0.115234 0.167969