0 0.167535 0.139757 0.102431 0.140625
1 0.276910 0.139757 0.102431 0.140625
0 0.386285 0.139757 0.102431 0.140625
0 0.495660 0.139757 0.102431 0.140625
0 0.605035 0.139757 0.102431 0.140625
0 0.714410 0.139757 0.102431 0.140625
0 0.823785 0.139757 0.102431 0.140625
0 0.177951 0.414931 0.098958 0.156250
1 0.283854 0.414931 0.098958 0.156250
0 0.389757 0.414931 0.098958 0.156250
1 0.495660 0.414931 0.098958 0.156250
1 0.601562 0.414931 0.098958 0.156250
1 0.707465 0.414931 0.098958 0.156250
0 0.813368 0.414931 0.098958 0.156250
0 0.144097 0.686632 0.093750 0.133681
0 0.244792 0.686632 0.093750 0.133681
1 0.345486 0.686632 0.093750 0.133681
1 0.446181 0.686632 0.093750 0.133681
1 0.546875 0.686632 0.093750 0.133681
0 0.647569 0.686632 0.093750 0.133681
1 0.748264 0.686632 0.093750 0.133681
0 0.848958 0.686632 0.093750 0.133681