1 0.266406 0.125781 0.085938 0.139063
0 0.358594 0.125781 0.085938 0.139063
0 0.450781 0.125781 0.085938 0.139063
1 0.542969 0.125781 0.085938 0.139063
1 0.635156 0.125781 0.085938 0.139063
1 0.727344 0.125781 0.085938 0.139063
1 0.275781 0.367188 0.067187 0.137500
1 0.349219 0.367188 0.067187 0.137500
1 0.422656 0.367188 0.067187 0.137500
1 0.496094 0.367188 0.067187 0.137500
1 0.569531 0.367188 0.067187 0.137500
1 0.642969 0.367188 0.067187 0.137500
1 0.716406 0.367188 0.067187 0.137500
0 0.330469 0.596875 0.076563 0.115625
1 0.413281 0.596875 0.076563 0.115625
1 0.496094 0.596875 0.076563 0.115625
1 0.578906 0.596875 0.076563 0.115625
0 0.661719 0.596875 0.076563 0.115625