1 0.109375 0.142578 0.121094 0.187500
1 0.238281 0.142578 0.121094 0.187500
0 0.367188 0.142578 0.121094 0.187500
1 0.496094 0.142578 0.121094 0.187500
1 0.625000 0.142578 0.121094 0.187500
0 0.753906 0.142578 0.121094 0.187500
1 0.882812 0.142578 0.121094 0.187500
1 0.121094 0.504883 0.085938 0.185547
1 0.214844 0.504883 0.085938 0.185547
1 0.308594 0.504883 0.085938 0.185547
1 0.402344 0.504883 0.085938 0.185547
1 0.496094 0.504883 0.085938 0.185547
1 0.589844 0.504883 0.085938 0.185547
0 0.683594 0.504883 0.085938 0.185547
1 0.777344 0.504883 0.085938 0.185547
1 0.871094 0.504883 0.085938 0.185547