0 0.167969 0.137695 0.101562 0.138672
1 0.277344 0.137695 0.101562 0.138672
1 0.386719 0.137695 0.101562 0.138672
0 0.496094 0.137695 0.101562 0.138672
1 0.605469 0.137695 0.101562 0.138672
0 0.714844 0.137695 0.101562 0.138672
1 0.824219 0.137695 0.101562 0.138672
1 0.358398 0.463867 0.083984 0.150391
1 0.450195 0.463867 0.083984 0.150391
1 0.541992 0.463867 0.083984 0.150391
0 0.633789 0.463867 0.083984 0.150391
0 0.226562 0.787109 0.082031 0.132812
1 0.316406 0.787109 0.082031 0.132812
1 0.406250 0.787109 0.082031 0.132812
1 0.496094 0.787109 0.082031 0.132812
1 0.585938 0.787109 0.082031 0.132812
0 0.675781 0.787109 0.082031 0.132812
1 0.765625 0.787109 0.082031 0.132812