1 0.187500 0.107813 0.062500 0.118750
1 0.256250 0.107813 0.062500 0.118750
1 0.325000 0.107813 0.062500 0.118750
1 0.393750 0.107813 0.062500 0.118750
1 0.462500 0.107813 0.062500 0.118750
1 0.531250 0.107813 0.062500 0.118750
1 0.600000 0.107813 0.062500 0.118750
1 0.668750 0.107813 0.062500 0.118750
0 0.737500 0.107813 0.062500 0.118750
1 0.806250 0.107813 0.062500 0.118750
1 0.252344 0.346094 0.054688 0.117188
1 0.313281 0.346094 0.054688 0.117188
0 0.374219 0.346094 0.054688 0.117188
1 0.435156 0.346094 0.054688 0.117188
1 0.496094 0.346094 0.054688 0.117188
0 0.557031 0.346094 0.054688 0.117188
1 0.617969 0.346094 0.054688 0.117188
1 0.678906 0.346094 0.054688 0.117188
0 0.739844 0.346094 0.054688 0.117188
1 0.159375 0.597656 0.078125 0.145313
1 0.243750 0.597656 0.078125 0.145313
0 0.328125 0.597656 0.078125 0.145313
1 0.412500 0.597656 0.078125 0.145313
1 0.496875 0.597656 0.078125 0.145313
1 0.581250 0.597656 0.078125 0.145313
1 0.665625 0.597656 0.078125 0.145313
0 0.750000 0.597656 0.078125 0.145313
1 0.834375 0.597656 0.078125 0.145313
0 0.332813 0.861719 0.059375 0.142187
1 0.398438 0.861719 0.059375 0.142187
1 0.464062 0.861719 0.059375 0.142187
1 0.529687 0.861719 0.059375 0.142187
1 0.595313 0.861719 0.059375 0.142187
1 0.660937 0.861719 0.059375 0.142187