1 0.210938 0.107639 0.064236 0.118056
1 0.282118 0.107639 0.064236 0.118056
1 0.353299 0.107639 0.064236 0.118056
0 0.424479 0.107639 0.064236 0.118056
1 0.495660 0.107639 0.064236 0.118056
1 0.566840 0.107639 0.064236 0.118056
1 0.638021 0.107639 0.064236 0.118056
1 0.709201 0.107639 0.064236 0.118056
0 0.780382 0.107639 0.064236 0.118056
1 0.097222 0.353299 0.072917 0.130208
1 0.177083 0.353299 0.072917 0.130208
1 0.256944 0.353299 0.072917 0.130208
1 0.336806 0.353299 0.072917 0.130208
1 0.416667 0.353299 0.072917 0.130208
0 0.496528 0.353299 0.072917 0.130208
1 0.576389 0.353299 0.072917 0.130208
1 0.656250 0.353299 0.072917 0.130208
1 0.736111 0.353299 0.072917 0.130208
1 0.815972 0.353299 0.072917 0.130208
0 0.895833 0.353299 0.072917 0.130208