0 0.172917 0.134375 0.120833 0.164583
0 0.302083 0.134375 0.120833 0.164583
0 0.431250 0.134375 0.120833 0.164583
0 0.560417 0.134375 0.120833 0.164583
0 0.689583 0.134375 0.120833 0.164583
1 0.818750 0.134375 0.120833 0.164583
0 0.145833 0.469792 0.091667 0.160417
0 0.245833 0.469792 0.091667 0.160417
0 0.345833 0.469792 0.091667 0.160417
1 0.445833 0.469792 0.091667 0.160417
1 0.545833 0.469792 0.091667 0.160417
0 0.645833 0.469792 0.091667 0.160417
1 0.745833 0.469792 0.091667 0.160417
1 0.845833 0.469792 0.091667 0.160417