0 0.400781 0.092969 0.057813 0.117188
1 0.464844 0.092969 0.057813 0.117188
0 0.528906 0.092969 0.057813 0.117188
0 0.592969 0.092969 0.057813 0.117188
1 0.096094 0.374219 0.082812 0.132812
0 0.185156 0.374219 0.082812 0.132812
1 0.274219 0.374219 0.082812 0.132812
1 0.363281 0.374219 0.082812 0.132812
1 0.452344 0.374219 0.082812 0.132812
1 0.541406 0.374219 0.082812 0.132812
1 0.630469 0.374219 0.082812 0.132812
0 0.719531 0.374219 0.082812 0.132812
1 0.808594 0.374219 0.082812 0.132812
1 0.897656 0.374219 0.082812 0.132812
1 0.125000 0.661719 0.100000 0.129688
1 0.231250 0.661719 0.100000 0.129688
0 0.337500 0.661719 0.100000 0.129688
1 0.443750 0.661719 0.100000 0.129688
1 0.550000 0.661719 0.100000 0.129688
1 0.656250 0.661719 0.100000 0.129688
1 0.762500 0.661719 0.100000 0.129688
1 0.868750 0.661719 0.100000 0.129688