1 0.242188 0.113281 0.093750 0.132812
0 0.343750 0.113281 0.093750 0.132812
1 0.445312 0.113281 0.093750 0.132812
1 0.546875 0.113281 0.093750 0.132812
0 0.648438 0.113281 0.093750 0.132812
1 0.750000 0.113281 0.093750 0.132812
1 0.271484 0.387695 0.082031 0.177734
1 0.361328 0.387695 0.082031 0.177734
1 0.451172 0.387695 0.082031 0.177734
1 0.541016 0.387695 0.082031 0.177734
1 0.630859 0.387695 0.082031 0.177734
0 0.720703 0.387695 0.082031 0.177734
1 0.288086 0.682617 0.095703 0.173828
1 0.391602 0.682617 0.095703 0.173828
0 0.495117 0.682617 0.095703 0.173828
1 0.598633 0.682617 0.095703 0.173828
0 0.702148 0.682617 0.095703 0.173828