1 0.140625 0.120117 0.093750 0.130859
1 0.242188 0.120117 0.093750 0.130859
1 0.343750 0.120117 0.093750 0.130859
0 0.445312 0.120117 0.093750 0.130859
0 0.546875 0.120117 0.093750 0.130859
0 0.648438 0.120117 0.093750 0.130859
0 0.750000 0.120117 0.093750 0.130859
1 0.851562 0.120117 0.093750 0.130859
1 0.147461 0.399414 0.091797 0.134766
1 0.247070 0.399414 0.091797 0.134766
1 0.346680 0.399414 0.091797 0.134766
0 0.446289 0.399414 0.091797 0.134766
1 0.545898 0.399414 0.091797 0.134766
1 0.645508 0.399414 0.091797 0.134766
1 0.745117 0.399414 0.091797 0.134766
0 0.844727 0.399414 0.091797 0.134766
1 0.269531 0.695312 0.105469 0.164062
1 0.382812 0.695312 0.105469 0.164062
1 0.496094 0.695312 0.105469 0.164062
1 0.609375 0.695312 0.105469 0.164062
1 0.722656 0.695312 0.105469 0.164062