1 0.135417 0.072049 0.173611 0.067708
0 0.315972 0.072049 0.173611 0.067708
0 0.496528 0.072049 0.173611 0.067708
1 0.677083 0.072049 0.173611 0.067708
1 0.857639 0.072049 0.173611 0.067708
1 0.123264 0.296875 0.142361 0.069444
1 0.272569 0.296875 0.142361 0.069444
1 0.421875 0.296875 0.142361 0.069444
1 0.571181 0.296875 0.142361 0.069444
1 0.720486 0.296875 0.142361 0.069444
1 0.869792 0.296875 0.142361 0.069444
1 0.100694 0.514757 0.125000 0.053819
1 0.232639 0.514757 0.125000 0.053819
0 0.364583 0.514757 0.125000 0.053819
1 0.496528 0.514757 0.125000 0.053819
1 0.628472 0.514757 0.125000 0.053819
1 0.760417 0.514757 0.125000 0.053819
0 0.892361 0.514757 0.125000 0.053819
1 0.118924 0.735243 0.144097 0.074653
1 0.269965 0.735243 0.144097 0.074653
1 0.421007 0.735243 0.144097 0.074653
0 0.572049 0.735243 0.144097 0.074653
0 0.723090 0.735243 0.144097 0.074653
1 0.874132 0.735243 0.144097 0.074653