1 0.136719 0.167969 0.082031 0.152344
0 0.226562 0.167969 0.082031 0.152344
1 0.316406 0.167969 0.082031 0.152344
1 0.406250 0.167969 0.082031 0.152344
0 0.496094 0.167969 0.082031 0.152344
1 0.585938 0.167969 0.082031 0.152344
0 0.675781 0.167969 0.082031 0.152344
1 0.765625 0.167969 0.082031 0.152344
1 0.855469 0.167969 0.082031 0.152344
0 0.188477 0.496094 0.080078 0.175781
0 0.276367 0.496094 0.080078 0.175781
1 0.364258 0.496094 0.080078 0.175781
0 0.452148 0.496094 0.080078 0.175781
1 0.540039 0.496094 0.080078 0.175781
1 0.627930 0.496094 0.080078 0.175781
1 0.715820 0.496094 0.080078 0.175781
0 0.803711 0.496094 0.080078 0.175781
1 0.243164 0.814453 0.076172 0.132812
1 0.327148 0.814453 0.076172 0.132812
1 0.411133 0.814453 0.076172 0.132812
0 0.495117 0.814453 0.076172 0.132812
1 0.579102 0.814453 0.076172 0.132812
1 0.663086 0.814453 0.076172 0.132812
1 0.747070 0.814453 0.076172 0.132812