1 0.125977 0.120117 0.115234 0.154297
1 0.249023 0.120117 0.115234 0.154297
1 0.372070 0.120117 0.115234 0.154297
0 0.495117 0.120117 0.115234 0.154297
1 0.618164 0.120117 0.115234 0.154297
0 0.741211 0.120117 0.115234 0.154297
1 0.864258 0.120117 0.115234 0.154297
0 0.144531 0.440430 0.109375 0.189453
0 0.261719 0.440430 0.109375 0.189453
0 0.378906 0.440430 0.109375 0.189453
1 0.496094 0.440430 0.109375 0.189453
0 0.613281 0.440430 0.109375 0.189453
0 0.730469 0.440430 0.109375 0.189453
1 0.847656 0.440430 0.109375 0.189453
1 0.112305 0.761719 0.087891 0.156250
1 0.208008 0.761719 0.087891 0.156250
0 0.303711 0.761719 0.087891 0.156250
0 0.399414 0.761719 0.087891 0.156250
1 0.495117 0.761719 0.087891 0.156250
1 0.590820 0.761719 0.087891 0.156250
0 0.686523 0.761719 0.087891 0.156250
1 0.782227 0.761719 0.087891 0.156250
1 0.877930 0.761719 0.087891 0.156250