1 0.261719 0.117188 0.070312 0.152344
0 0.339844 0.117188 0.070312 0.152344
1 0.417969 0.117188 0.070312 0.152344
1 0.496094 0.117188 0.070312 0.152344
1 0.574219 0.117188 0.070312 0.152344
0 0.652344 0.117188 0.070312 0.152344
1 0.730469 0.117188 0.070312 0.152344
1 0.094727 0.463867 0.072266 0.181641
1 0.174805 0.463867 0.072266 0.181641
1 0.254883 0.463867 0.072266 0.181641
1 0.334961 0.463867 0.072266 0.181641
0 0.415039 0.463867 0.072266 0.181641
1 0.495117 0.463867 0.072266 0.181641
0 0.575195 0.463867 0.072266 0.181641
0 0.655273 0.463867 0.072266 0.181641
1 0.735352 0.463867 0.072266 0.181641
1 0.815430 0.463867 0.072266 0.181641
0 0.895508 0.463867 0.072266 0.181641
0 0.091797 0.809570 0.082031 0.150391
0 0.181641 0.809570 0.082031 0.150391
0 0.271484 0.809570 0.082031 0.150391
0 0.361328 0.809570 0.082031 0.150391
1 0.451172 0.809570 0.082031 0.150391
1 0.541016 0.809570 0.082031 0.150391
1 0.630859 0.809570 0.082031 0.150391
1 0.720703 0.809570 0.082031 0.150391
0 0.810547 0.809570 0.082031 0.150391
1 0.900391 0.809570 0.082031 0.150391