1 0.359375 0.096875 0.062500 0.128125
0 0.428125 0.096875 0.062500 0.128125
1 0.496875 0.096875 0.062500 0.128125
1 0.565625 0.096875 0.062500 0.128125
0 0.634375 0.096875 0.062500 0.128125
1 0.168750 0.333594 0.059375 0.148438
1 0.234375 0.333594 0.059375 0.148438
1 0.300000 0.333594 0.059375 0.148438
1 0.365625 0.333594 0.059375 0.148438
0 0.431250 0.333594 0.059375 0.148438
1 0.496875 0.333594 0.059375 0.148438
1 0.562500 0.333594 0.059375 0.148438
1 0.628125 0.333594 0.059375 0.148438
1 0.693750 0.333594 0.059375 0.148438
1 0.759375 0.333594 0.059375 0.148438
1 0.825000 0.333594 0.059375 0.148438
1 0.336719 0.569531 0.057813 0.126562
1 0.400781 0.569531 0.057813 0.126562
0 0.464844 0.569531 0.057813 0.126562
1 0.528906 0.569531 0.057813 0.126562
1 0.592969 0.569531 0.057813 0.126562
0 0.657031 0.569531 0.057813 0.126562
0 0.217969 0.792969 0.073438 0.123438
1 0.297656 0.792969 0.073438 0.123438
1 0.377344 0.792969 0.073438 0.123438
0 0.457031 0.792969 0.073438 0.123438
0 0.536719 0.792969 0.073438 0.123438
0 0.616406 0.792969 0.073438 0.123438
0 0.696094 0.792969 0.073438 0.123438
1 0.775781 0.792969 0.073438 0.123438