0 0.153125 0.186458 0.077083 0.164583
1 0.238542 0.186458 0.077083 0.164583
1 0.323958 0.186458 0.077083 0.164583
0 0.409375 0.186458 0.077083 0.164583
1 0.494792 0.186458 0.077083 0.164583
1 0.580208 0.186458 0.077083 0.164583
1 0.665625 0.186458 0.077083 0.164583
0 0.751042 0.186458 0.077083 0.164583
1 0.836458 0.186458 0.077083 0.164583
0 0.188542 0.550000 0.093750 0.154167
1 0.290625 0.550000 0.093750 0.154167
0 0.392708 0.550000 0.093750 0.154167
0 0.494792 0.550000 0.093750 0.154167
0 0.596875 0.550000 0.093750 0.154167
0 0.698958 0.550000 0.093750 0.154167
0 0.801042 0.550000 0.093750 0.154167