1 0.220833 0.078125 0.175000 0.064583
0 0.404167 0.078125 0.175000 0.064583
1 0.587500 0.078125 0.175000 0.064583
0 0.770833 0.078125 0.175000 0.064583
0 0.214583 0.270833 0.179167 0.070833
0 0.402083 0.270833 0.179167 0.070833
0 0.589583 0.270833 0.179167 0.070833
0 0.777083 0.270833 0.179167 0.070833
1 0.242708 0.473958 0.160417 0.085417
1 0.411458 0.473958 0.160417 0.085417
0 0.580208 0.473958 0.160417 0.085417
1 0.748958 0.473958 0.160417 0.085417
1 0.202083 0.680208 0.187500 0.077083
1 0.397917 0.680208 0.187500 0.077083
1 0.593750 0.680208 0.187500 0.077083
0 0.789583 0.680208 0.187500 0.077083