1 0.157292 0.151042 0.127083 0.164583
0 0.292708 0.151042 0.127083 0.164583
1 0.428125 0.151042 0.127083 0.164583
0 0.563542 0.151042 0.127083 0.164583
1 0.698958 0.151042 0.127083 0.164583
0 0.834375 0.151042 0.127083 0.164583
1 0.163542 0.450000 0.102083 0.158333
1 0.273958 0.450000 0.102083 0.158333
1 0.384375 0.450000 0.102083 0.158333
1 0.494792 0.450000 0.102083 0.158333
1 0.605208 0.450000 0.102083 0.158333
1 0.715625 0.450000 0.102083 0.158333
1 0.826042 0.450000 0.102083 0.158333
0 0.138542 0.763542 0.110417 0.193750
0 0.257292 0.763542 0.110417 0.193750
1 0.376042 0.763542 0.110417 0.193750
1 0.494792 0.763542 0.110417 0.193750
0 0.613542 0.763542 0.110417 0.193750
1 0.732292 0.763542 0.110417 0.193750
0 0.851042 0.763542 0.110417 0.193750