0 0.149414 0.159180 0.107422 0.185547
1 0.264648 0.159180 0.107422 0.185547
1 0.379883 0.159180 0.107422 0.185547
0 0.495117 0.159180 0.107422 0.185547
0 0.610352 0.159180 0.107422 0.185547
1 0.725586 0.159180 0.107422 0.185547
0 0.840820 0.159180 0.107422 0.185547
1 0.140625 0.446289 0.093750 0.154297
1 0.242188 0.446289 0.093750 0.154297
1 0.343750 0.446289 0.093750 0.154297
1 0.445312 0.446289 0.093750 0.154297
1 0.546875 0.446289 0.093750 0.154297
0 0.648438 0.446289 0.093750 0.154297
0 0.750000 0.446289 0.093750 0.154297
0 0.851562 0.446289 0.093750 0.154297
0 0.178711 0.738281 0.119141 0.195312
1 0.305664 0.738281 0.119141 0.195312
0 0.432617 0.738281 0.119141 0.195312
0 0.559570 0.738281 0.119141 0.195312
0 0.686523 0.738281 0.119141 0.195312
1 0.813477 0.738281 0.119141 0.195312