0 0.165625 0.116667 0.156250 0.070833
1 0.330208 0.116667 0.156250 0.070833
1 0.494792 0.116667 0.156250 0.070833
0 0.659375 0.116667 0.156250 0.070833
1 0.823958 0.116667 0.156250 0.070833
0 0.233333 0.317708 0.166667 0.081250
1 0.408333 0.317708 0.166667 0.081250
1 0.583333 0.317708 0.166667 0.081250
0 0.758333 0.317708 0.166667 0.081250
1 0.195833 0.514583 0.191667 0.062500
1 0.395833 0.514583 0.191667 0.062500
1 0.595833 0.514583 0.191667 0.062500
1 0.795833 0.514583 0.191667 0.062500
1 0.279167 0.712500 0.208333 0.083333
0 0.495833 0.712500 0.208333 0.083333
1 0.712500 0.712500 0.208333 0.083333