1 0.188477 0.154297 0.115234 0.167969
1 0.311523 0.154297 0.115234 0.167969
1 0.434570 0.154297 0.115234 0.167969
1 0.557617 0.154297 0.115234 0.167969
1 0.680664 0.154297 0.115234 0.167969
1 0.803711 0.154297 0.115234 0.167969
1 0.181641 0.470703 0.082031 0.187500
1 0.271484 0.470703 0.082031 0.187500
1 0.361328 0.470703 0.082031 0.187500
1 0.451172 0.470703 0.082031 0.187500
0 0.541016 0.470703 0.082031 0.187500
1 0.630859 0.470703 0.082031 0.187500
0 0.720703 0.470703 0.082031 0.187500
1 0.810547 0.470703 0.082031 0.187500
0 0.219727 0.780273 0.083984 0.154297
1 0.311523 0.780273 0.083984 0.154297
1 0.403320 0.780273 0.083984 0.154297
0 0.495117 0.780273 0.083984 0.154297
1 0.586914 0.780273 0.083984 0.154297
1 0.678711 0.780273 0.083984 0.154297
1 0.770508 0.780273 0.083984 0.154297