1 0.101562 0.126562 0.065625 0.131250
1 0.173437 0.126562 0.065625 0.131250
1 0.245312 0.126562 0.065625 0.131250
0 0.317188 0.126562 0.065625 0.131250
1 0.389062 0.126562 0.065625 0.131250
1 0.460938 0.126562 0.065625 0.131250
1 0.532813 0.126562 0.065625 0.131250
1 0.604688 0.126562 0.065625 0.131250
1 0.676562 0.126562 0.065625 0.131250
0 0.748437 0.126562 0.065625 0.131250
1 0.820312 0.126562 0.065625 0.131250
0 0.892188 0.126562 0.065625 0.131250
0 0.160156 0.402344 0.060937 0.126562
1 0.227344 0.402344 0.060937 0.126562
1 0.294531 0.402344 0.060937 0.126562
1 0.361719 0.402344 0.060937 0.126562
0 0.428906 0.402344 0.060937 0.126562
0 0.496094 0.402344 0.060937 0.126562
1 0.563281 0.402344 0.060937 0.126562
1 0.630469 0.402344 0.060937 0.126562
1 0.697656 0.402344 0.060937 0.126562
0 0.764844 0.402344 0.060937 0.126562
1 0.832031 0.402344 0.060937 0.126562