1 0.106445 0.128906 0.103516 0.160156
1 0.217773 0.128906 0.103516 0.160156
1 0.329102 0.128906 0.103516 0.160156
1 0.440430 0.128906 0.103516 0.160156
1 0.551758 0.128906 0.103516 0.160156
0 0.663086 0.128906 0.103516 0.160156
1 0.774414 0.128906 0.103516 0.160156
0 0.885742 0.128906 0.103516 0.160156
1 0.242188 0.468750 0.093750 0.195312
1 0.343750 0.468750 0.093750 0.195312
1 0.445312 0.468750 0.093750 0.195312
1 0.546875 0.468750 0.093750 0.195312
1 0.648438 0.468750 0.093750 0.195312
1 0.750000 0.468750 0.093750 0.195312
1 0.232422 0.796875 0.097656 0.136719
1 0.337891 0.796875 0.097656 0.136719
0 0.443359 0.796875 0.097656 0.136719
1 0.548828 0.796875 0.097656 0.136719
1 0.654297 0.796875 0.097656 0.136719
0 0.759766 0.796875 0.097656 0.136719