1 0.238281 0.123047 0.078125 0.156250
0 0.324219 0.123047 0.078125 0.156250
1 0.410156 0.123047 0.078125 0.156250
1 0.496094 0.123047 0.078125 0.156250
1 0.582031 0.123047 0.078125 0.156250
0 0.667969 0.123047 0.078125 0.156250
1 0.753906 0.123047 0.078125 0.156250
0 0.106445 0.426758 0.103516 0.142578
0 0.217773 0.426758 0.103516 0.142578
1 0.329102 0.426758 0.103516 0.142578
0 0.440430 0.426758 0.103516 0.142578
1 0.551758 0.426758 0.103516 0.142578
1 0.663086 0.426758 0.103516 0.142578
0 0.774414 0.426758 0.103516 0.142578
1 0.885742 0.426758 0.103516 0.142578
0 0.113281 0.742188 0.101562 0.179688
0 0.222656 0.742188 0.101562 0.179688
1 0.332031 0.742188 0.101562 0.179688
0 0.441406 0.742188 0.101562 0.179688
1 0.550781 0.742188 0.101562 0.179688
0 0.660156 0.742188 0.101562 0.179688
1 0.769531 0.742188 0.101562 0.179688
0 0.878906 0.742188 0.101562 0.179688