1 0.160938 0.059375 0.128125 0.046875
1 0.295312 0.059375 0.128125 0.046875
0 0.429688 0.059375 0.128125 0.046875
1 0.564063 0.059375 0.128125 0.046875
0 0.698438 0.059375 0.128125 0.046875
1 0.832812 0.059375 0.128125 0.046875
1 0.160938 0.223438 0.128125 0.062500
1 0.295312 0.223438 0.128125 0.062500
0 0.429688 0.223438 0.128125 0.062500
1 0.564063 0.223438 0.128125 0.062500
1 0.698438 0.223438 0.128125 0.062500
0 0.832812 0.223438 0.128125 0.062500
0 0.211719 0.399219 0.135937 0.070312
1 0.353906 0.399219 0.135937 0.070312
0 0.496094 0.399219 0.135937 0.070312
1 0.638281 0.399219 0.135937 0.070312
0 0.780469 0.399219 0.135937 0.070312
1 0.133594 0.577344 0.139063 0.067187
0 0.278906 0.577344 0.139063 0.067187
1 0.424219 0.577344 0.139063 0.067187
1 0.569531 0.577344 0.139063 0.067187
0 0.714844 0.577344 0.139063 0.067187
1 0.860156 0.577344 0.139063 0.067187
1 0.164844 0.749219 0.126562 0.057813
1 0.297656 0.749219 0.126562 0.057813
1 0.430469 0.749219 0.126562 0.057813
1 0.563281 0.749219 0.126562 0.057813
1 0.696094 0.749219 0.126562 0.057813
1 0.828906 0.749219 0.126562 0.057813