1 0.295139 0.152778 0.093750 0.138889
1 0.395833 0.152778 0.093750 0.138889
1 0.496528 0.152778 0.093750 0.138889
1 0.597222 0.152778 0.093750 0.138889
1 0.697917 0.152778 0.093750 0.138889
1 0.256944 0.399306 0.072917 0.135417
1 0.336806 0.399306 0.072917 0.135417
1 0.416667 0.399306 0.072917 0.135417
1 0.496528 0.399306 0.072917 0.135417
0 0.576389 0.399306 0.072917 0.135417
1 0.656250 0.399306 0.072917 0.135417
0 0.736111 0.399306 0.072917 0.135417
0 0.138021 0.638889 0.095486 0.125000
1 0.240451 0.638889 0.095486 0.125000
1 0.342882 0.638889 0.095486 0.125000
1 0.445312 0.638889 0.095486 0.125000
1 0.547743 0.638889 0.095486 0.125000
1 0.650174 0.638889 0.095486 0.125000
0 0.752604 0.638889 0.095486 0.125000
0 0.855035 0.638889 0.095486 0.125000