1 0.204861 0.114583 0.138889 0.072917
0 0.350694 0.114583 0.138889 0.072917
1 0.496528 0.114583 0.138889 0.072917
0 0.642361 0.114583 0.138889 0.072917
1 0.788194 0.114583 0.138889 0.072917
1 0.179688 0.292535 0.151042 0.064236
0 0.337674 0.292535 0.151042 0.064236
0 0.495660 0.292535 0.151042 0.064236
1 0.653646 0.292535 0.151042 0.064236
1 0.811632 0.292535 0.151042 0.064236
0 0.162326 0.473090 0.126736 0.078125
1 0.296007 0.473090 0.126736 0.078125
1 0.429688 0.473090 0.126736 0.078125
0 0.563368 0.473090 0.126736 0.078125
1 0.697049 0.473090 0.126736 0.078125
0 0.830729 0.473090 0.126736 0.078125
1 0.177083 0.659722 0.152778 0.076389
0 0.336806 0.659722 0.152778 0.076389
1 0.496528 0.659722 0.152778 0.076389
1 0.656250 0.659722 0.152778 0.076389
1 0.815972 0.659722 0.152778 0.076389