1 0.144531 0.144531 0.109375 0.160156
1 0.261719 0.144531 0.109375 0.160156
0 0.378906 0.144531 0.109375 0.160156
1 0.496094 0.144531 0.109375 0.160156
1 0.613281 0.144531 0.109375 0.160156
1 0.730469 0.144531 0.109375 0.160156
0 0.847656 0.144531 0.109375 0.160156
1 0.164062 0.474609 0.125000 0.175781
1 0.296875 0.474609 0.125000 0.175781
0 0.429688 0.474609 0.125000 0.175781
1 0.562500 0.474609 0.125000 0.175781
1 0.695312 0.474609 0.125000 0.175781
0 0.828125 0.474609 0.125000 0.175781
0 0.156250 0.805664 0.105469 0.162109
0 0.269531 0.805664 0.105469 0.162109
0 0.382812 0.805664 0.105469 0.162109
1 0.496094 0.805664 0.105469 0.162109
0 0.609375 0.805664 0.105469 0.162109
0 0.722656 0.805664 0.105469 0.162109
0 0.835938 0.805664 0.105469 0.162109