1 0.149306 0.082465 0.131944 0.067708
1 0.288194 0.082465 0.131944 0.067708
1 0.427083 0.082465 0.131944 0.067708
0 0.565972 0.082465 0.131944 0.067708
0 0.704861 0.082465 0.131944 0.067708
0 0.843750 0.082465 0.131944 0.067708
1 0.186632 0.273438 0.147569 0.067708
1 0.341146 0.273438 0.147569 0.067708
0 0.495660 0.273438 0.147569 0.067708
0 0.650174 0.273438 0.147569 0.067708
0 0.804688 0.273438 0.147569 0.067708
1 0.184028 0.464410 0.149306 0.067708
0 0.340278 0.464410 0.149306 0.067708
1 0.496528 0.464410 0.149306 0.067708
1 0.652778 0.464410 0.149306 0.067708
0 0.809028 0.464410 0.149306 0.067708
0 0.131944 0.657986 0.138889 0.072917
1 0.277778 0.657986 0.138889 0.072917
1 0.423611 0.657986 0.138889 0.072917
1 0.569444 0.657986 0.138889 0.072917
0 0.715278 0.657986 0.138889 0.072917
0 0.861111 0.657986 0.138889 0.072917