1 0.136458 0.154167 0.135417 0.208333
0 0.280208 0.154167 0.135417 0.208333
0 0.423958 0.154167 0.135417 0.208333
0 0.567708 0.154167 0.135417 0.208333
1 0.711458 0.154167 0.135417 0.208333
1 0.855208 0.154167 0.135417 0.208333
1 0.146875 0.517708 0.131250 0.189583
1 0.286458 0.517708 0.131250 0.189583
1 0.426042 0.517708 0.131250 0.189583
0 0.565625 0.517708 0.131250 0.189583
0 0.705208 0.517708 0.131250 0.189583
1 0.844792 0.517708 0.131250 0.189583
1 0.146875 0.855208 0.131250 0.156250
0 0.286458 0.855208 0.131250 0.156250
0 0.426042 0.855208 0.131250 0.156250
1 0.565625 0.855208 0.131250 0.156250
1 0.705208 0.855208 0.131250 0.156250
1 0.844792 0.855208 0.131250 0.156250