1 0.149414 0.117188 0.107422 0.132812
1 0.264648 0.117188 0.107422 0.132812
1 0.379883 0.117188 0.107422 0.132812
0 0.495117 0.117188 0.107422 0.132812
1 0.610352 0.117188 0.107422 0.132812
1 0.725586 0.117188 0.107422 0.132812
1 0.840820 0.117188 0.107422 0.132812
1 0.140625 0.386719 0.093750 0.167969
1 0.242188 0.386719 0.093750 0.167969
1 0.343750 0.386719 0.093750 0.167969
1 0.445312 0.386719 0.093750 0.167969
1 0.546875 0.386719 0.093750 0.167969
1 0.648438 0.386719 0.093750 0.167969
1 0.750000 0.386719 0.093750 0.167969
1 0.851562 0.386719 0.093750 0.167969
0 0.105469 0.654297 0.070312 0.128906
1 0.183594 0.654297 0.070312 0.128906
1 0.261719 0.654297 0.070312 0.128906
0 0.339844 0.654297 0.070312 0.128906
1 0.417969 0.654297 0.070312 0.128906
1 0.496094 0.654297 0.070312 0.128906
0 0.574219 0.654297 0.070312 0.128906
1 0.652344 0.654297 0.070312 0.128906
1 0.730469 0.654297 0.070312 0.128906
1 0.808594 0.654297 0.070312 0.128906
1 0.886719 0.654297 0.070312 0.128906