0 0.300781 0.115234 0.089844 0.140625
1 0.398438 0.115234 0.089844 0.140625
0 0.496094 0.115234 0.089844 0.140625
0 0.593750 0.115234 0.089844 0.140625
1 0.691406 0.115234 0.089844 0.140625
0 0.225586 0.393555 0.126953 0.154297
0 0.360352 0.393555 0.126953 0.154297
1 0.495117 0.393555 0.126953 0.154297
0 0.629883 0.393555 0.126953 0.154297
0 0.764648 0.393555 0.126953 0.154297
1 0.370117 0.692383 0.076172 0.181641
0 0.454102 0.692383 0.076172 0.181641
1 0.538086 0.692383 0.076172 0.181641
1 0.622070 0.692383 0.076172 0.181641