0 0.146875 0.103125 0.093750 0.115625
0 0.246875 0.103125 0.093750 0.115625
1 0.346875 0.103125 0.093750 0.115625
0 0.446875 0.103125 0.093750 0.115625
1 0.546875 0.103125 0.093750 0.115625
1 0.646875 0.103125 0.093750 0.115625
0 0.746875 0.103125 0.093750 0.115625
0 0.846875 0.103125 0.093750 0.115625
0 0.173437 0.371094 0.065625 0.129688
1 0.245312 0.371094 0.065625 0.129688
1 0.317188 0.371094 0.065625 0.129688
0 0.389062 0.371094 0.065625 0.129688
1 0.460938 0.371094 0.065625 0.129688
1 0.532813 0.371094 0.065625 0.129688
1 0.604688 0.371094 0.065625 0.129688
1 0.676562 0.371094 0.065625 0.129688
1 0.748437 0.371094 0.065625 0.129688
1 0.820312 0.371094 0.065625 0.129688
1 0.103125 0.646094 0.081250 0.129688
0 0.190625 0.646094 0.081250 0.129688
1 0.278125 0.646094 0.081250 0.129688
1 0.365625 0.646094 0.081250 0.129688
1 0.453125 0.646094 0.081250 0.129688
1 0.540625 0.646094 0.081250 0.129688
0 0.628125 0.646094 0.081250 0.129688
1 0.715625 0.646094 0.081250 0.129688
1 0.803125 0.646094 0.081250 0.129688
0 0.890625 0.646094 0.081250 0.129688