0 0.156250 0.144531 0.105469 0.171875
1 0.269531 0.144531 0.105469 0.171875
1 0.382812 0.144531 0.105469 0.171875
0 0.496094 0.144531 0.105469 0.171875
1 0.609375 0.144531 0.105469 0.171875
1 0.722656 0.144531 0.105469 0.171875
1 0.835938 0.144531 0.105469 0.171875
0 0.121094 0.426758 0.085938 0.142578
1 0.214844 0.426758 0.085938 0.142578
1 0.308594 0.426758 0.085938 0.142578
1 0.402344 0.426758 0.085938 0.142578
1 0.496094 0.426758 0.085938 0.142578
1 0.589844 0.426758 0.085938 0.142578
1 0.683594 0.426758 0.085938 0.142578
1 0.777344 0.426758 0.085938 0.142578
1 0.871094 0.426758 0.085938 0.142578
0 0.375977 0.709961 0.072266 0.173828
1 0.456055 0.709961 0.072266 0.173828
1 0.536133 0.709961 0.072266 0.173828
1 0.616211 0.709961 0.072266 0.173828