0 0.142361 0.166667 0.111111 0.166667
1 0.260417 0.166667 0.111111 0.166667
1 0.378472 0.166667 0.111111 0.166667
1 0.496528 0.166667 0.111111 0.166667
0 0.614583 0.166667 0.111111 0.166667
1 0.732639 0.166667 0.111111 0.166667
1 0.850694 0.166667 0.111111 0.166667
0 0.121528 0.464410 0.076389 0.144097
0 0.204861 0.464410 0.076389 0.144097
1 0.288194 0.464410 0.076389 0.144097
0 0.371528 0.464410 0.076389 0.144097
0 0.454861 0.464410 0.076389 0.144097
1 0.538194 0.464410 0.076389 0.144097
1 0.621528 0.464410 0.076389 0.144097
0 0.704861 0.464410 0.076389 0.144097
1 0.788194 0.464410 0.076389 0.144097
1 0.871528 0.464410 0.076389 0.144097
1 0.355903 0.745660 0.086806 0.133681
0 0.449653 0.745660 0.086806 0.133681
0 0.543403 0.745660 0.086806 0.133681
1 0.637153 0.745660 0.086806 0.133681