1 0.132812 0.121094 0.113281 0.144531
0 0.253906 0.121094 0.113281 0.144531
1 0.375000 0.121094 0.113281 0.144531
1 0.496094 0.121094 0.113281 0.144531
1 0.617188 0.121094 0.113281 0.144531
0 0.738281 0.121094 0.113281 0.144531
1 0.859375 0.121094 0.113281 0.144531
0 0.247070 0.444336 0.091797 0.189453
1 0.346680 0.444336 0.091797 0.189453
1 0.446289 0.444336 0.091797 0.189453
1 0.545898 0.444336 0.091797 0.189453
0 0.645508 0.444336 0.091797 0.189453
0 0.745117 0.444336 0.091797 0.189453
1 0.113281 0.770508 0.101562 0.150391
1 0.222656 0.770508 0.101562 0.150391
1 0.332031 0.770508 0.101562 0.150391
1 0.441406 0.770508 0.101562 0.150391
1 0.550781 0.770508 0.101562 0.150391
1 0.660156 0.770508 0.101562 0.150391
0 0.769531 0.770508 0.101562 0.150391
1 0.878906 0.770508 0.101562 0.150391