1 0.206250 0.134375 0.090625 0.156250
0 0.303125 0.134375 0.090625 0.156250
1 0.400000 0.134375 0.090625 0.156250
1 0.496875 0.134375 0.090625 0.156250
0 0.593750 0.134375 0.090625 0.156250
1 0.690625 0.134375 0.090625 0.156250
0 0.787500 0.134375 0.090625 0.156250
0 0.114844 0.417969 0.089063 0.120313
1 0.210156 0.417969 0.089063 0.120313
0 0.305469 0.417969 0.089063 0.120313
1 0.400781 0.417969 0.089063 0.120313
1 0.496094 0.417969 0.089063 0.120313
1 0.591406 0.417969 0.089063 0.120313
1 0.686719 0.417969 0.089063 0.120313
1 0.782031 0.417969 0.089063 0.120313
1 0.877344 0.417969 0.089063 0.120313
1 0.325000 0.695312 0.062500 0.143750
0 0.393750 0.695312 0.062500 0.143750
0 0.462500 0.695312 0.062500 0.143750
0 0.531250 0.695312 0.062500 0.143750
0 0.600000 0.695312 0.062500 0.143750
1 0.668750 0.695312 0.062500 0.143750