1 0.220833 0.159375 0.083333 0.135417
1 0.312500 0.159375 0.083333 0.135417
1 0.404167 0.159375 0.083333 0.135417
0 0.495833 0.159375 0.083333 0.135417
0 0.587500 0.159375 0.083333 0.135417
1 0.679167 0.159375 0.083333 0.135417
1 0.770833 0.159375 0.083333 0.135417
0 0.136458 0.517708 0.081250 0.168750
1 0.226042 0.517708 0.081250 0.168750
1 0.315625 0.517708 0.081250 0.168750
1 0.405208 0.517708 0.081250 0.168750
1 0.494792 0.517708 0.081250 0.168750
0 0.584375 0.517708 0.081250 0.168750
0 0.673958 0.517708 0.081250 0.168750
1 0.763542 0.517708 0.081250 0.168750
1 0.853125 0.517708 0.081250 0.168750