1 0.292969 0.134766 0.093750 0.144531
1 0.394531 0.134766 0.093750 0.144531
0 0.496094 0.134766 0.093750 0.144531
1 0.597656 0.134766 0.093750 0.144531
0 0.699219 0.134766 0.093750 0.144531
1 0.109375 0.457031 0.078125 0.187500
0 0.195312 0.457031 0.078125 0.187500
1 0.281250 0.457031 0.078125 0.187500
1 0.367188 0.457031 0.078125 0.187500
1 0.453125 0.457031 0.078125 0.187500
1 0.539062 0.457031 0.078125 0.187500
1 0.625000 0.457031 0.078125 0.187500
0 0.710938 0.457031 0.078125 0.187500
0 0.796875 0.457031 0.078125 0.187500
1 0.882812 0.457031 0.078125 0.187500
0 0.133789 0.799805 0.095703 0.185547
1 0.237305 0.799805 0.095703 0.185547
1 0.340820 0.799805 0.095703 0.185547
1 0.444336 0.799805 0.095703 0.185547
1 0.547852 0.799805 0.095703 0.185547
1 0.651367 0.799805 0.095703 0.185547
1 0.754883 0.799805 0.095703 0.185547
0 0.858398 0.799805 0.095703 0.185547