1 0.114062 0.058594 0.146875 0.048438
1 0.267188 0.058594 0.146875 0.048438
0 0.420312 0.058594 0.146875 0.048438
0 0.573438 0.058594 0.146875 0.048438
0 0.726562 0.058594 0.146875 0.048438
0 0.879687 0.058594 0.146875 0.048438
0 0.174219 0.223438 0.154688 0.068750
1 0.335156 0.223438 0.154688 0.068750
1 0.496094 0.223438 0.154688 0.068750
1 0.657031 0.223438 0.154688 0.068750
1 0.817969 0.223438 0.154688 0.068750
1 0.217969 0.397656 0.132812 0.067187
1 0.357031 0.397656 0.132812 0.067187
1 0.496094 0.397656 0.132812 0.067187
0 0.635156 0.397656 0.132812 0.067187
0 0.774219 0.397656 0.132812 0.067187