1 0.123958 0.129167 0.097917 0.154167
1 0.230208 0.129167 0.097917 0.154167
1 0.336458 0.129167 0.097917 0.154167
1 0.442708 0.129167 0.097917 0.154167
1 0.548958 0.129167 0.097917 0.154167
1 0.655208 0.129167 0.097917 0.154167
0 0.761458 0.129167 0.097917 0.154167
1 0.867708 0.129167 0.097917 0.154167
1 0.141667 0.488542 0.133333 0.181250
0 0.283333 0.488542 0.133333 0.181250
1 0.425000 0.488542 0.133333 0.181250
1 0.566667 0.488542 0.133333 0.181250
0 0.708333 0.488542 0.133333 0.181250
0 0.850000 0.488542 0.133333 0.181250