0 0.292535 0.144965 0.060764 0.154514
0 0.360243 0.144965 0.060764 0.154514
1 0.427951 0.144965 0.060764 0.154514
1 0.495660 0.144965 0.060764 0.154514
0 0.563368 0.144965 0.060764 0.154514
0 0.631076 0.144965 0.060764 0.154514
1 0.698785 0.144965 0.060764 0.154514
1 0.121528 0.448785 0.076389 0.144097
1 0.204861 0.448785 0.076389 0.144097
1 0.288194 0.448785 0.076389 0.144097
1 0.371528 0.448785 0.076389 0.144097
1 0.454861 0.448785 0.076389 0.144097
1 0.538194 0.448785 0.076389 0.144097
0 0.621528 0.448785 0.076389 0.144097
1 0.704861 0.448785 0.076389 0.144097
0 0.788194 0.448785 0.076389 0.144097
0 0.871528 0.448785 0.076389 0.144097
1 0.105035 0.733507 0.071181 0.116319
1 0.183160 0.733507 0.071181 0.116319
1 0.261285 0.733507 0.071181 0.116319
0 0.339410 0.733507 0.071181 0.116319
1 0.417535 0.733507 0.071181 0.116319
1 0.495660 0.733507 0.071181 0.116319
0 0.573785 0.733507 0.071181 0.116319
1 0.651910 0.733507 0.071181 0.116319
1 0.730035 0.733507 0.071181 0.116319
1 0.808160 0.733507 0.071181 0.116319
0 0.886285 0.733507 0.071181 0.116319