1 0.100586 0.122070 0.080078 0.154297
1 0.188477 0.122070 0.080078 0.154297
1 0.276367 0.122070 0.080078 0.154297
1 0.364258 0.122070 0.080078 0.154297
0 0.452148 0.122070 0.080078 0.154297
0 0.540039 0.122070 0.080078 0.154297
0 0.627930 0.122070 0.080078 0.154297
1 0.715820 0.122070 0.080078 0.154297
1 0.803711 0.122070 0.080078 0.154297
1 0.891602 0.122070 0.080078 0.154297
1 0.113281 0.459961 0.101562 0.173828
1 0.222656 0.459961 0.101562 0.173828
1 0.332031 0.459961 0.101562 0.173828
0 0.441406 0.459961 0.101562 0.173828
1 0.550781 0.459961 0.101562 0.173828
1 0.660156 0.459961 0.101562 0.173828
1 0.769531 0.459961 0.101562 0.173828
0 0.878906 0.459961 0.101562 0.173828
0 0.126953 0.794922 0.074219 0.148438
0 0.208984 0.794922 0.074219 0.148438
1 0.291016 0.794922 0.074219 0.148438
1 0.373047 0.794922 0.074219 0.148438
0 0.455078 0.794922 0.074219 0.148438
1 0.537109 0.794922 0.074219 0.148438
0 0.619141 0.794922 0.074219 0.148438
0 0.701172 0.794922 0.074219 0.148438
0 0.783203 0.794922 0.074219 0.148438
1 0.865234 0.794922 0.074219 0.148438