1 0.168945 0.123047 0.123047 0.144531
1 0.299805 0.123047 0.123047 0.144531
1 0.430664 0.123047 0.123047 0.144531
1 0.561523 0.123047 0.123047 0.144531
0 0.692383 0.123047 0.123047 0.144531
1 0.823242 0.123047 0.123047 0.144531
0 0.164062 0.431641 0.125000 0.179688
1 0.296875 0.431641 0.125000 0.179688
0 0.429688 0.431641 0.125000 0.179688
1 0.562500 0.431641 0.125000 0.179688
0 0.695312 0.431641 0.125000 0.179688
1 0.828125 0.431641 0.125000 0.179688
0 0.188477 0.754883 0.115234 0.173828
1 0.311523 0.754883 0.115234 0.173828
1 0.434570 0.754883 0.115234 0.173828
1 0.557617 0.754883 0.115234 0.173828
1 0.680664 0.754883 0.115234 0.173828
1 0.803711 0.754883 0.115234 0.173828