0 0.130208 0.142708 0.072917 0.160417
1 0.211458 0.142708 0.072917 0.160417
1 0.292708 0.142708 0.072917 0.160417
1 0.373958 0.142708 0.072917 0.160417
0 0.455208 0.142708 0.072917 0.160417
1 0.536458 0.142708 0.072917 0.160417
1 0.617708 0.142708 0.072917 0.160417
1 0.698958 0.142708 0.072917 0.160417
0 0.780208 0.142708 0.072917 0.160417
0 0.861458 0.142708 0.072917 0.160417
1 0.163542 0.445833 0.102083 0.175000
0 0.273958 0.445833 0.102083 0.175000
1 0.384375 0.445833 0.102083 0.175000
0 0.494792 0.445833 0.102083 0.175000
1 0.605208 0.445833 0.102083 0.175000
1 0.715625 0.445833 0.102083 0.175000
1 0.826042 0.445833 0.102083 0.175000
1 0.302083 0.758333 0.120833 0.179167
1 0.431250 0.758333 0.120833 0.179167
0 0.560417 0.758333 0.120833 0.179167
0 0.689583 0.758333 0.120833 0.179167