1 0.238542 0.154167 0.077083 0.137500
1 0.323958 0.154167 0.077083 0.137500
0 0.409375 0.154167 0.077083 0.137500
0 0.494792 0.154167 0.077083 0.137500
1 0.580208 0.154167 0.077083 0.137500
1 0.665625 0.154167 0.077083 0.137500
1 0.751042 0.154167 0.077083 0.137500
0 0.333333 0.458333 0.100000 0.145833
1 0.441667 0.458333 0.100000 0.145833
0 0.550000 0.458333 0.100000 0.145833
1 0.658333 0.458333 0.100000 0.145833
1 0.163542 0.780208 0.102083 0.172917
1 0.273958 0.780208 0.102083 0.172917
1 0.384375 0.780208 0.102083 0.172917
1 0.494792 0.780208 0.102083 0.172917
1 0.605208 0.780208 0.102083 0.172917
1 0.715625 0.780208 0.102083 0.172917
0 0.826042 0.780208 0.102083 0.172917