1 0.375000 0.127344 0.075000 0.123438
1 0.456250 0.127344 0.075000 0.123438
1 0.537500 0.127344 0.075000 0.123438
0 0.618750 0.127344 0.075000 0.123438
0 0.284375 0.383594 0.100000 0.120313
0 0.390625 0.383594 0.100000 0.120313
1 0.496875 0.383594 0.100000 0.120313
1 0.603125 0.383594 0.100000 0.120313
1 0.709375 0.383594 0.100000 0.120313
0 0.217969 0.635938 0.073438 0.115625
1 0.297656 0.635938 0.073438 0.115625
1 0.377344 0.635938 0.073438 0.115625
1 0.457031 0.635938 0.073438 0.115625
1 0.536719 0.635938 0.073438 0.115625
1 0.616406 0.635938 0.073438 0.115625
1 0.696094 0.635938 0.073438 0.115625
1 0.775781 0.635938 0.073438 0.115625