1 0.142361 0.084201 0.170139 0.074653
0 0.319444 0.084201 0.170139 0.074653
1 0.496528 0.084201 0.170139 0.074653
1 0.673611 0.084201 0.170139 0.074653
1 0.850694 0.084201 0.170139 0.074653
1 0.165799 0.286458 0.157986 0.055556
0 0.330729 0.286458 0.157986 0.055556
0 0.495660 0.286458 0.157986 0.055556
0 0.660590 0.286458 0.157986 0.055556
0 0.825521 0.286458 0.157986 0.055556
1 0.170139 0.481771 0.156250 0.060764
1 0.333333 0.481771 0.156250 0.060764
1 0.496528 0.481771 0.156250 0.060764
0 0.659722 0.481771 0.156250 0.060764
1 0.822917 0.481771 0.156250 0.060764
1 0.144965 0.684028 0.133681 0.069444
1 0.285590 0.684028 0.133681 0.069444
1 0.426215 0.684028 0.133681 0.069444
1 0.566840 0.684028 0.133681 0.069444
1 0.707465 0.684028 0.133681 0.069444
1 0.848090 0.684028 0.133681 0.069444