0 0.179688 0.153320 0.097656 0.134766
0 0.285156 0.153320 0.097656 0.134766
1 0.390625 0.153320 0.097656 0.134766
1 0.496094 0.153320 0.097656 0.134766
1 0.601562 0.153320 0.097656 0.134766
0 0.707031 0.153320 0.097656 0.134766
0 0.812500 0.153320 0.097656 0.134766
1 0.164062 0.465820 0.125000 0.169922
0 0.296875 0.465820 0.125000 0.169922
0 0.429688 0.465820 0.125000 0.169922
0 0.562500 0.465820 0.125000 0.169922
0 0.695312 0.465820 0.125000 0.169922
1 0.828125 0.465820 0.125000 0.169922
1 0.168945 0.801758 0.123047 0.181641
1 0.299805 0.801758 0.123047 0.181641
1 0.430664 0.801758 0.123047 0.181641
0 0.561523 0.801758 0.123047 0.181641
1 0.692383 0.801758 0.123047 0.181641
1 0.823242 0.801758 0.123047 0.181641