1 0.170833 0.140625 0.100000 0.139583
1 0.279167 0.140625 0.100000 0.139583
1 0.387500 0.140625 0.100000 0.139583
1 0.495833 0.140625 0.100000 0.139583
1 0.604167 0.140625 0.100000 0.139583
1 0.712500 0.140625 0.100000 0.139583
0 0.820833 0.140625 0.100000 0.139583
0 0.158333 0.460417 0.104167 0.154167
0 0.270833 0.460417 0.104167 0.154167
0 0.383333 0.460417 0.104167 0.154167
0 0.495833 0.460417 0.104167 0.154167
1 0.608333 0.460417 0.104167 0.154167
1 0.720833 0.460417 0.104167 0.154167
1 0.833333 0.460417 0.104167 0.154167
1 0.167708 0.812500 0.122917 0.204167
1 0.298958 0.812500 0.122917 0.204167
1 0.430208 0.812500 0.122917 0.204167
1 0.561458 0.812500 0.122917 0.204167
1 0.692708 0.812500 0.122917 0.204167
1 0.823958 0.812500 0.122917 0.204167