1 0.171875 0.070312 0.156250 0.059375
0 0.334375 0.070312 0.156250 0.059375
0 0.496875 0.070312 0.156250 0.059375
1 0.659375 0.070312 0.156250 0.059375
1 0.821875 0.070312 0.156250 0.059375
0 0.145313 0.228125 0.134375 0.065625
1 0.285938 0.228125 0.134375 0.065625
1 0.426563 0.228125 0.134375 0.065625
0 0.567187 0.228125 0.134375 0.065625
1 0.707812 0.228125 0.134375 0.065625
1 0.848437 0.228125 0.134375 0.065625
0 0.186719 0.379688 0.148438 0.046875
0 0.341406 0.379688 0.148438 0.046875
0 0.496094 0.379688 0.148438 0.046875
1 0.650781 0.379688 0.148438 0.046875
1 0.805469 0.379688 0.148438 0.046875
1 0.186719 0.532031 0.148438 0.067187
0 0.341406 0.532031 0.148438 0.067187
0 0.496094 0.532031 0.148438 0.067187
1 0.650781 0.532031 0.148438 0.067187
1 0.805469 0.532031 0.148438 0.067187