0 0.186523 0.116211 0.146484 0.087891
1 0.340820 0.116211 0.146484 0.087891
1 0.495117 0.116211 0.146484 0.087891
1 0.649414 0.116211 0.146484 0.087891
1 0.803711 0.116211 0.146484 0.087891
1 0.194336 0.334961 0.142578 0.064453
0 0.344727 0.334961 0.142578 0.064453
1 0.495117 0.334961 0.142578 0.064453
1 0.645508 0.334961 0.142578 0.064453
1 0.795898 0.334961 0.142578 0.064453
1 0.203125 0.540039 0.187500 0.060547
1 0.398438 0.540039 0.187500 0.060547
0 0.593750 0.540039 0.187500 0.060547
1 0.789062 0.540039 0.187500 0.060547
0 0.217773 0.755859 0.177734 0.085938
1 0.403320 0.755859 0.177734 0.085938
1 0.588867 0.755859 0.177734 0.085938
0 0.774414 0.755859 0.177734 0.085938