1 0.121875 0.074219 0.143750 0.057813
1 0.271875 0.074219 0.143750 0.057813
1 0.421875 0.074219 0.143750 0.057813
1 0.571875 0.074219 0.143750 0.057813
1 0.721875 0.074219 0.143750 0.057813
1 0.871875 0.074219 0.143750 0.057813
0 0.234375 0.275000 0.125000 0.062500
1 0.365625 0.275000 0.125000 0.062500
1 0.496875 0.275000 0.125000 0.062500
0 0.628125 0.275000 0.125000 0.062500
1 0.759375 0.275000 0.125000 0.062500
1 0.107031 0.480469 0.123438 0.067187
1 0.236719 0.480469 0.123438 0.067187
1 0.366406 0.480469 0.123438 0.067187
1 0.496094 0.480469 0.123438 0.067187
1 0.625781 0.480469 0.123438 0.067187
1 0.755469 0.480469 0.123438 0.067187
0 0.885156 0.480469 0.123438 0.067187
0 0.117969 0.684375 0.145313 0.059375
1 0.269531 0.684375 0.145313 0.059375
0 0.421094 0.684375 0.145313 0.059375
0 0.572656 0.684375 0.145313 0.059375
1 0.724219 0.684375 0.145313 0.059375
1 0.875781 0.684375 0.145313 0.059375