1 0.131944 0.131076 0.097222 0.126736
1 0.236111 0.131076 0.097222 0.126736
1 0.340278 0.131076 0.097222 0.126736
1 0.444444 0.131076 0.097222 0.126736
1 0.548611 0.131076 0.097222 0.126736
1 0.652778 0.131076 0.097222 0.126736
1 0.756944 0.131076 0.097222 0.126736
1 0.861111 0.131076 0.097222 0.126736
1 0.210938 0.390625 0.074653 0.142361
1 0.292535 0.390625 0.074653 0.142361
1 0.374132 0.390625 0.074653 0.142361
0 0.455729 0.390625 0.074653 0.142361
1 0.537326 0.390625 0.074653 0.142361
1 0.618924 0.390625 0.074653 0.142361
1 0.700521 0.390625 0.074653 0.142361
1 0.782118 0.390625 0.074653 0.142361
1 0.215278 0.649306 0.086806 0.125000
1 0.309028 0.649306 0.086806 0.125000
1 0.402778 0.649306 0.086806 0.125000
0 0.496528 0.649306 0.086806 0.125000
1 0.590278 0.649306 0.086806 0.125000
0 0.684028 0.649306 0.086806 0.125000
1 0.777778 0.649306 0.086806 0.125000