1 0.381944 0.136285 0.069444 0.137153
1 0.458333 0.136285 0.069444 0.137153
0 0.534722 0.136285 0.069444 0.137153
1 0.611111 0.136285 0.069444 0.137153
1 0.138021 0.425347 0.095486 0.121528
0 0.240451 0.425347 0.095486 0.121528
1 0.342882 0.425347 0.095486 0.121528
1 0.445312 0.425347 0.095486 0.121528
1 0.547743 0.425347 0.095486 0.121528
1 0.650174 0.425347 0.095486 0.121528
1 0.752604 0.425347 0.095486 0.121528
0 0.855035 0.425347 0.095486 0.121528
1 0.263021 0.710069 0.109375 0.128472
0 0.379340 0.710069 0.109375 0.128472
1 0.495660 0.710069 0.109375 0.128472
1 0.611979 0.710069 0.109375 0.128472
1 0.728299 0.710069 0.109375 0.128472