1 0.203906 0.066406 0.110937 0.060937
0 0.321094 0.066406 0.110937 0.060937
0 0.438281 0.066406 0.110937 0.060937
1 0.555469 0.066406 0.110937 0.060937
1 0.672656 0.066406 0.110937 0.060937
0 0.789844 0.066406 0.110937 0.060937
1 0.149219 0.245312 0.132812 0.062500
1 0.288281 0.245312 0.132812 0.062500
0 0.427344 0.245312 0.132812 0.062500
1 0.566406 0.245312 0.132812 0.062500
1 0.705469 0.245312 0.132812 0.062500
1 0.844531 0.245312 0.132812 0.062500
1 0.295312 0.427344 0.128125 0.067187
0 0.429688 0.427344 0.128125 0.067187
1 0.564063 0.427344 0.128125 0.067187
0 0.698438 0.427344 0.128125 0.067187
1 0.114062 0.608594 0.146875 0.060937
1 0.267188 0.608594 0.146875 0.060937
1 0.420312 0.608594 0.146875 0.060937
0 0.573438 0.608594 0.146875 0.060937
1 0.726562 0.608594 0.146875 0.060937
1 0.879687 0.608594 0.146875 0.060937