1 0.138542 0.121875 0.110417 0.160417
0 0.257292 0.121875 0.110417 0.160417
0 0.376042 0.121875 0.110417 0.160417
1 0.494792 0.121875 0.110417 0.160417
1 0.613542 0.121875 0.110417 0.160417
1 0.732292 0.121875 0.110417 0.160417
0 0.851042 0.121875 0.110417 0.160417
1 0.152083 0.445833 0.129167 0.208333
1 0.289583 0.445833 0.129167 0.208333
1 0.427083 0.445833 0.129167 0.208333
1 0.564583 0.445833 0.129167 0.208333
1 0.702083 0.445833 0.129167 0.208333
0 0.839583 0.445833 0.129167 0.208333
1 0.201042 0.771875 0.089583 0.164583
1 0.298958 0.771875 0.089583 0.164583
0 0.396875 0.771875 0.089583 0.164583
0 0.494792 0.771875 0.089583 0.164583
1 0.592708 0.771875 0.089583 0.164583
1 0.690625 0.771875 0.089583 0.164583
1 0.788542 0.771875 0.089583 0.164583