1 0.159180 0.118164 0.076172 0.154297
1 0.243164 0.118164 0.076172 0.154297
0 0.327148 0.118164 0.076172 0.154297
1 0.411133 0.118164 0.076172 0.154297
1 0.495117 0.118164 0.076172 0.154297
1 0.579102 0.118164 0.076172 0.154297
1 0.663086 0.118164 0.076172 0.154297
1 0.747070 0.118164 0.076172 0.154297
1 0.831055 0.118164 0.076172 0.154297
0 0.302734 0.464844 0.121094 0.160156
1 0.431641 0.464844 0.121094 0.160156
1 0.560547 0.464844 0.121094 0.160156
1 0.689453 0.464844 0.121094 0.160156
0 0.120117 0.827148 0.099609 0.185547
0 0.227539 0.827148 0.099609 0.185547
1 0.334961 0.827148 0.099609 0.185547
1 0.442383 0.827148 0.099609 0.185547
0 0.549805 0.827148 0.099609 0.185547
0 0.657227 0.827148 0.099609 0.185547
1 0.764648 0.827148 0.099609 0.185547
0 0.872070 0.827148 0.099609 0.185547