0 0.140625 0.077257 0.135417 0.057292
1 0.282986 0.077257 0.135417 0.057292
1 0.425347 0.077257 0.135417 0.057292
1 0.567708 0.077257 0.135417 0.057292
0 0.710069 0.077257 0.135417 0.057292
1 0.852431 0.077257 0.135417 0.057292
1 0.135417 0.296007 0.173611 0.074653
1 0.315972 0.296007 0.173611 0.074653
0 0.496528 0.296007 0.173611 0.074653
1 0.677083 0.296007 0.173611 0.074653
1 0.857639 0.296007 0.173611 0.074653
0 0.123264 0.512153 0.142361 0.052083
0 0.272569 0.512153 0.142361 0.052083
1 0.421875 0.512153 0.142361 0.052083
1 0.571181 0.512153 0.142361 0.052083
1 0.720486 0.512153 0.142361 0.052083
1 0.869792 0.512153 0.142361 0.052083