1 0.250868 0.103299 0.074653 0.123264
1 0.332465 0.103299 0.074653 0.123264
1 0.414062 0.103299 0.074653 0.123264
0 0.495660 0.103299 0.074653 0.123264
0 0.577257 0.103299 0.074653 0.123264
1 0.658854 0.103299 0.074653 0.123264
0 0.740451 0.103299 0.074653 0.123264
1 0.337674 0.382812 0.098958 0.168403
1 0.443576 0.382812 0.098958 0.168403
1 0.549479 0.382812 0.098958 0.168403
0 0.655382 0.382812 0.098958 0.168403
0 0.113715 0.666667 0.088542 0.131944
1 0.209201 0.666667 0.088542 0.131944
1 0.304688 0.666667 0.088542 0.131944
1 0.400174 0.666667 0.088542 0.131944
1 0.495660 0.666667 0.088542 0.131944
1 0.591146 0.666667 0.088542 0.131944
1 0.686632 0.666667 0.088542 0.131944
1 0.782118 0.666667 0.088542 0.131944
1 0.877604 0.666667 0.088542 0.131944