1 0.175781 0.134375 0.057813 0.115625
1 0.239844 0.134375 0.057813 0.115625
1 0.303906 0.134375 0.057813 0.115625
0 0.367969 0.134375 0.057813 0.115625
1 0.432031 0.134375 0.057813 0.115625
1 0.496094 0.134375 0.057813 0.115625
1 0.560156 0.134375 0.057813 0.115625
0 0.624219 0.134375 0.057813 0.115625
0 0.688281 0.134375 0.057813 0.115625
0 0.752344 0.134375 0.057813 0.115625
0 0.816406 0.134375 0.057813 0.115625
1 0.309375 0.393750 0.068750 0.146875
1 0.384375 0.393750 0.068750 0.146875
1 0.459375 0.393750 0.068750 0.146875
0 0.534375 0.393750 0.068750 0.146875
1 0.609375 0.393750 0.068750 0.146875
1 0.684375 0.393750 0.068750 0.146875
1 0.365625 0.668750 0.059375 0.146875
1 0.431250 0.668750 0.059375 0.146875
1 0.496875 0.668750 0.059375 0.146875
0 0.562500 0.668750 0.059375 0.146875
1 0.628125 0.668750 0.059375 0.146875