0 0.135156 0.110937 0.114062 0.068750
0 0.255469 0.110937 0.114062 0.068750
1 0.375781 0.110937 0.114062 0.068750
1 0.496094 0.110937 0.114062 0.068750
0 0.616406 0.110937 0.114062 0.068750
1 0.736719 0.110937 0.114062 0.068750
0 0.857031 0.110937 0.114062 0.068750
1 0.311719 0.329688 0.117188 0.059375
0 0.435156 0.329688 0.117188 0.059375
0 0.558594 0.329688 0.117188 0.059375
0 0.682031 0.329688 0.117188 0.059375
1 0.135156 0.544531 0.114062 0.060937
1 0.255469 0.544531 0.114062 0.060937
1 0.375781 0.544531 0.114062 0.060937
1 0.496094 0.544531 0.114062 0.060937
1 0.616406 0.544531 0.114062 0.060937
0 0.736719 0.544531 0.114062 0.060937
1 0.857031 0.544531 0.114062 0.060937