1 0.089063 0.089844 0.084375 0.114062
1 0.179688 0.089844 0.084375 0.114062
1 0.270313 0.089844 0.084375 0.114062
1 0.360938 0.089844 0.084375 0.114062
0 0.451562 0.089844 0.084375 0.114062
0 0.542188 0.089844 0.084375 0.114062
1 0.632812 0.089844 0.084375 0.114062
1 0.723437 0.089844 0.084375 0.114062
0 0.814063 0.089844 0.084375 0.114062
1 0.904687 0.089844 0.084375 0.114062
1 0.223438 0.354687 0.071875 0.143750
1 0.301563 0.354687 0.071875 0.143750
0 0.379688 0.354687 0.071875 0.143750
1 0.457813 0.354687 0.071875 0.143750
1 0.535937 0.354687 0.071875 0.143750
1 0.614062 0.354687 0.071875 0.143750
0 0.692187 0.354687 0.071875 0.143750
1 0.770312 0.354687 0.071875 0.143750