1 0.328906 0.106250 0.060937 0.146875
1 0.396094 0.106250 0.060937 0.146875
0 0.463281 0.106250 0.060937 0.146875
1 0.530469 0.106250 0.060937 0.146875
0 0.597656 0.106250 0.060937 0.146875
1 0.664844 0.106250 0.060937 0.146875
1 0.285938 0.367969 0.078125 0.101562
1 0.370312 0.367969 0.078125 0.101562
1 0.454688 0.367969 0.078125 0.101562
1 0.539062 0.367969 0.078125 0.101562
1 0.623437 0.367969 0.078125 0.101562
1 0.707812 0.367969 0.078125 0.101562
0 0.293750 0.608594 0.075000 0.104688
1 0.375000 0.608594 0.075000 0.104688
1 0.456250 0.608594 0.075000 0.104688
1 0.537500 0.608594 0.075000 0.104688
1 0.618750 0.608594 0.075000 0.104688
1 0.700000 0.608594 0.075000 0.104688