1 0.350694 0.138889 0.090278 0.125000
1 0.447917 0.138889 0.090278 0.125000
0 0.545139 0.138889 0.090278 0.125000
1 0.642361 0.138889 0.090278 0.125000
1 0.379340 0.393229 0.071181 0.157986
1 0.457465 0.393229 0.071181 0.157986
0 0.535590 0.393229 0.071181 0.157986
1 0.613715 0.393229 0.071181 0.157986
0 0.144965 0.666667 0.071181 0.163194
1 0.223090 0.666667 0.071181 0.163194
1 0.301215 0.666667 0.071181 0.163194
0 0.379340 0.666667 0.071181 0.163194
1 0.457465 0.666667 0.071181 0.163194
0 0.535590 0.666667 0.071181 0.163194
1 0.613715 0.666667 0.071181 0.163194
1 0.691840 0.666667 0.071181 0.163194
0 0.769965 0.666667 0.071181 0.163194
0 0.848090 0.666667 0.071181 0.163194