0 0.167969 0.134766 0.074219 0.183594
0 0.250000 0.134766 0.074219 0.183594
1 0.332031 0.134766 0.074219 0.183594
1 0.414062 0.134766 0.074219 0.183594
1 0.496094 0.134766 0.074219 0.183594
1 0.578125 0.134766 0.074219 0.183594
0 0.660156 0.134766 0.074219 0.183594
1 0.742188 0.134766 0.074219 0.183594
0 0.824219 0.134766 0.074219 0.183594
1 0.085938 0.428711 0.074219 0.169922
1 0.167969 0.428711 0.074219 0.169922
1 0.250000 0.428711 0.074219 0.169922
1 0.332031 0.428711 0.074219 0.169922
1 0.414062 0.428711 0.074219 0.169922
1 0.496094 0.428711 0.074219 0.169922
0 0.578125 0.428711 0.074219 0.169922
1 0.660156 0.428711 0.074219 0.169922
1 0.742188 0.428711 0.074219 0.169922
1 0.824219 0.428711 0.074219 0.169922
0 0.906250 0.428711 0.074219 0.169922