1 0.126953 0.128906 0.097656 0.144531
1 0.232422 0.128906 0.097656 0.144531
1 0.337891 0.128906 0.097656 0.144531
1 0.443359 0.128906 0.097656 0.144531
0 0.548828 0.128906 0.097656 0.144531
0 0.654297 0.128906 0.097656 0.144531
1 0.759766 0.128906 0.097656 0.144531
0 0.865234 0.128906 0.097656 0.144531
0 0.266602 0.426758 0.083984 0.169922
0 0.358398 0.426758 0.083984 0.169922
1 0.450195 0.426758 0.083984 0.169922
1 0.541992 0.426758 0.083984 0.169922
1 0.633789 0.426758 0.083984 0.169922
1 0.725586 0.426758 0.083984 0.169922
1 0.364258 0.742188 0.080078 0.179688
1 0.452148 0.742188 0.080078 0.179688
0 0.540039 0.742188 0.080078 0.179688
0 0.627930 0.742188 0.080078 0.179688