1 0.311458 0.148958 0.114583 0.197917
1 0.434375 0.148958 0.114583 0.197917
1 0.557292 0.148958 0.114583 0.197917
1 0.680208 0.148958 0.114583 0.197917
0 0.136458 0.460417 0.135417 0.158333
1 0.280208 0.460417 0.135417 0.158333
1 0.423958 0.460417 0.135417 0.158333
1 0.567708 0.460417 0.135417 0.158333
0 0.711458 0.460417 0.135417 0.158333
0 0.855208 0.460417 0.135417 0.158333
1 0.119792 0.751042 0.085417 0.156250
0 0.213542 0.751042 0.085417 0.156250
1 0.307292 0.751042 0.085417 0.156250
0 0.401042 0.751042 0.085417 0.156250
1 0.494792 0.751042 0.085417 0.156250
1 0.588542 0.751042 0.085417 0.156250
1 0.682292 0.751042 0.085417 0.156250
0 0.776042 0.751042 0.085417 0.156250
1 0.869792 0.751042 0.085417 0.156250