1 0.109375 0.136719 0.078125 0.183594
1 0.195312 0.136719 0.078125 0.183594
1 0.281250 0.136719 0.078125 0.183594
0 0.367188 0.136719 0.078125 0.183594
1 0.453125 0.136719 0.078125 0.183594
1 0.539062 0.136719 0.078125 0.183594
1 0.625000 0.136719 0.078125 0.183594
0 0.710938 0.136719 0.078125 0.183594
0 0.796875 0.136719 0.078125 0.183594
1 0.882812 0.136719 0.078125 0.183594
1 0.113281 0.435547 0.101562 0.136719
1 0.222656 0.435547 0.101562 0.136719
1 0.332031 0.435547 0.101562 0.136719
0 0.441406 0.435547 0.101562 0.136719
1 0.550781 0.435547 0.101562 0.136719
1 0.660156 0.435547 0.101562 0.136719
1 0.769531 0.435547 0.101562 0.136719
1 0.878906 0.435547 0.101562 0.136719
1 0.238281 0.725586 0.078125 0.166016
0 0.324219 0.725586 0.078125 0.166016
1 0.410156 0.725586 0.078125 0.166016
0 0.496094 0.725586 0.078125 0.166016
1 0.582031 0.725586 0.078125 0.166016
0 0.667969 0.725586 0.078125 0.166016
1 0.753906 0.725586 0.078125 0.166016