0 0.223090 0.158854 0.102431 0.168403
0 0.332465 0.158854 0.102431 0.168403
0 0.441840 0.158854 0.102431 0.168403
1 0.551215 0.158854 0.102431 0.168403
0 0.660590 0.158854 0.102431 0.168403
0 0.769965 0.158854 0.102431 0.168403
0 0.288194 0.451389 0.097222 0.156250
0 0.392361 0.451389 0.097222 0.156250
1 0.496528 0.451389 0.097222 0.156250
1 0.600694 0.451389 0.097222 0.156250
1 0.704861 0.451389 0.097222 0.156250
0 0.142361 0.722222 0.111111 0.125000
1 0.260417 0.722222 0.111111 0.125000
1 0.378472 0.722222 0.111111 0.125000
1 0.496528 0.722222 0.111111 0.125000
0 0.614583 0.722222 0.111111 0.125000
0 0.732639 0.722222 0.111111 0.125000
0 0.850694 0.722222 0.111111 0.125000