1 0.311523 0.125977 0.083984 0.142578
1 0.403320 0.125977 0.083984 0.142578
0 0.495117 0.125977 0.083984 0.142578
1 0.586914 0.125977 0.083984 0.142578
0 0.678711 0.125977 0.083984 0.142578
0 0.303711 0.408203 0.087891 0.183594
1 0.399414 0.408203 0.087891 0.183594
0 0.495117 0.408203 0.087891 0.183594
1 0.590820 0.408203 0.087891 0.183594
0 0.686523 0.408203 0.087891 0.183594
0 0.295898 0.689453 0.091797 0.140625
1 0.395508 0.689453 0.091797 0.140625
0 0.495117 0.689453 0.091797 0.140625
1 0.594727 0.689453 0.091797 0.140625
0 0.694336 0.689453 0.091797 0.140625