0 0.155048 0.143029 0.103365 0.180288
0 0.268029 0.143029 0.103365 0.180288
0 0.381010 0.143029 0.103365 0.180288
0 0.493990 0.143029 0.103365 0.180288
1 0.606971 0.143029 0.103365 0.180288
0 0.719952 0.143029 0.103365 0.180288
1 0.832933 0.143029 0.103365 0.180288
0 0.183894 0.486779 0.093750 0.156250
0 0.287260 0.486779 0.093750 0.156250
1 0.390625 0.486779 0.093750 0.156250
1 0.493990 0.486779 0.093750 0.156250
0 0.597356 0.486779 0.093750 0.156250
0 0.700721 0.486779 0.093750 0.156250
1 0.804087 0.486779 0.093750 0.156250