1 0.131250 0.140625 0.075000 0.134375
1 0.212500 0.140625 0.075000 0.134375
0 0.293750 0.140625 0.075000 0.134375
1 0.375000 0.140625 0.075000 0.134375
1 0.456250 0.140625 0.075000 0.134375
1 0.537500 0.140625 0.075000 0.134375
1 0.618750 0.140625 0.075000 0.134375
0 0.700000 0.140625 0.075000 0.134375
1 0.781250 0.140625 0.075000 0.134375
1 0.862500 0.140625 0.075000 0.134375
1 0.282031 0.380469 0.079687 0.107813
0 0.367969 0.380469 0.079687 0.107813
0 0.453906 0.380469 0.079687 0.107813
1 0.539844 0.380469 0.079687 0.107813
0 0.625781 0.380469 0.079687 0.107813
0 0.711719 0.380469 0.079687 0.107813
1 0.275781 0.623437 0.067187 0.140625
0 0.349219 0.623437 0.067187 0.140625
1 0.422656 0.623437 0.067187 0.140625
1 0.496094 0.623437 0.067187 0.140625
0 0.569531 0.623437 0.067187 0.140625
0 0.642969 0.623437 0.067187 0.140625
0 0.716406 0.623437 0.067187 0.140625