1 0.279514 0.131076 0.079861 0.140625
0 0.366319 0.131076 0.079861 0.140625
1 0.453125 0.131076 0.079861 0.140625
1 0.539931 0.131076 0.079861 0.140625
0 0.626736 0.131076 0.079861 0.140625
0 0.713542 0.131076 0.079861 0.140625
1 0.180556 0.399306 0.083333 0.166667
0 0.270833 0.399306 0.083333 0.166667
1 0.361111 0.399306 0.083333 0.166667
1 0.451389 0.399306 0.083333 0.166667
1 0.541667 0.399306 0.083333 0.166667
1 0.631944 0.399306 0.083333 0.166667
0 0.722222 0.399306 0.083333 0.166667
1 0.812500 0.399306 0.083333 0.166667
1 0.180556 0.664062 0.083333 0.133681
0 0.270833 0.664062 0.083333 0.133681
0 0.361111 0.664062 0.083333 0.133681
1 0.451389 0.664062 0.083333 0.133681
0 0.541667 0.664062 0.083333 0.133681
1 0.631944 0.664062 0.083333 0.133681
1 0.722222 0.664062 0.083333 0.133681
0 0.812500 0.664062 0.083333 0.133681