1 0.168403 0.144965 0.065972 0.164931
1 0.241319 0.144965 0.065972 0.164931
0 0.314236 0.144965 0.065972 0.164931
0 0.387153 0.144965 0.065972 0.164931
0 0.460069 0.144965 0.065972 0.164931
0 0.532986 0.144965 0.065972 0.164931
1 0.605903 0.144965 0.065972 0.164931
1 0.678819 0.144965 0.065972 0.164931
1 0.751736 0.144965 0.065972 0.164931
1 0.824653 0.144965 0.065972 0.164931
1 0.224826 0.445312 0.060764 0.161458
1 0.292535 0.445312 0.060764 0.161458
0 0.360243 0.445312 0.060764 0.161458
1 0.427951 0.445312 0.060764 0.161458
1 0.495660 0.445312 0.060764 0.161458
0 0.563368 0.445312 0.060764 0.161458
1 0.631076 0.445312 0.060764 0.161458
1 0.698785 0.445312 0.060764 0.161458
0 0.766493 0.445312 0.060764 0.161458
1 0.271701 0.743924 0.067708 0.161458
1 0.346354 0.743924 0.067708 0.161458
1 0.421007 0.743924 0.067708 0.161458
0 0.495660 0.743924 0.067708 0.161458
1 0.570312 0.743924 0.067708 0.161458
1 0.644965 0.743924 0.067708 0.161458
1 0.719618 0.743924 0.067708 0.161458