1 0.219618 0.110243 0.085069 0.147569
1 0.311632 0.110243 0.085069 0.147569
1 0.403646 0.110243 0.085069 0.147569
1 0.495660 0.110243 0.085069 0.147569
1 0.587674 0.110243 0.085069 0.147569
0 0.679688 0.110243 0.085069 0.147569
0 0.771701 0.110243 0.085069 0.147569
1 0.099826 0.415799 0.092014 0.123264
1 0.198785 0.415799 0.092014 0.123264
1 0.297743 0.415799 0.092014 0.123264
1 0.396701 0.415799 0.092014 0.123264
0 0.495660 0.415799 0.092014 0.123264
0 0.594618 0.415799 0.092014 0.123264
1 0.693576 0.415799 0.092014 0.123264
1 0.792535 0.415799 0.092014 0.123264
1 0.891493 0.415799 0.092014 0.123264
1 0.368924 0.710938 0.078125 0.126736
0 0.453993 0.710938 0.078125 0.126736
1 0.539062 0.710938 0.078125 0.126736
1 0.624132 0.710938 0.078125 0.126736