1 0.131944 0.121528 0.097222 0.163194
1 0.236111 0.121528 0.097222 0.163194
1 0.340278 0.121528 0.097222 0.163194
1 0.444444 0.121528 0.097222 0.163194
1 0.548611 0.121528 0.097222 0.163194
1 0.652778 0.121528 0.097222 0.163194
1 0.756944 0.121528 0.097222 0.163194
1 0.861111 0.121528 0.097222 0.163194
0 0.279514 0.442708 0.079861 0.142361
1 0.366319 0.442708 0.079861 0.142361
1 0.453125 0.442708 0.079861 0.142361
1 0.539931 0.442708 0.079861 0.142361
0 0.626736 0.442708 0.079861 0.142361
0 0.713542 0.442708 0.079861 0.142361