1 0.157986 0.110243 0.128472 0.071181
1 0.293403 0.110243 0.128472 0.071181
1 0.428819 0.110243 0.128472 0.071181
0 0.564236 0.110243 0.128472 0.071181
0 0.699653 0.110243 0.128472 0.071181
0 0.835069 0.110243 0.128472 0.071181
0 0.238715 0.320312 0.164931 0.064236
1 0.410590 0.320312 0.164931 0.064236
1 0.582465 0.320312 0.164931 0.064236
1 0.754340 0.320312 0.164931 0.064236
0 0.200521 0.530382 0.140625 0.071181
0 0.348090 0.530382 0.140625 0.071181
1 0.495660 0.530382 0.140625 0.071181
0 0.643229 0.530382 0.140625 0.071181
0 0.790799 0.530382 0.140625 0.071181
0 0.225694 0.743924 0.173611 0.071181
1 0.406250 0.743924 0.173611 0.071181
0 0.586806 0.743924 0.173611 0.071181
1 0.767361 0.743924 0.173611 0.071181