1 0.163542 0.162500 0.102083 0.170833
0 0.273958 0.162500 0.102083 0.170833
1 0.384375 0.162500 0.102083 0.170833
1 0.494792 0.162500 0.102083 0.170833
0 0.605208 0.162500 0.102083 0.170833
1 0.715625 0.162500 0.102083 0.170833
1 0.826042 0.162500 0.102083 0.170833
0 0.120833 0.497917 0.075000 0.154167
1 0.204167 0.497917 0.075000 0.154167
1 0.287500 0.497917 0.075000 0.154167
1 0.370833 0.497917 0.075000 0.154167
0 0.454167 0.497917 0.075000 0.154167
0 0.537500 0.497917 0.075000 0.154167
1 0.620833 0.497917 0.075000 0.154167
0 0.704167 0.497917 0.075000 0.154167
1 0.787500 0.497917 0.075000 0.154167
1 0.870833 0.497917 0.075000 0.154167