1 0.116667 0.145833 0.100000 0.183333
1 0.225000 0.145833 0.100000 0.183333
0 0.333333 0.145833 0.100000 0.183333
1 0.441667 0.145833 0.100000 0.183333
1 0.550000 0.145833 0.100000 0.183333
1 0.658333 0.145833 0.100000 0.183333
1 0.766667 0.145833 0.100000 0.183333
0 0.875000 0.145833 0.100000 0.183333
1 0.126042 0.468750 0.114583 0.150000
0 0.248958 0.468750 0.114583 0.150000
0 0.371875 0.468750 0.114583 0.150000
1 0.494792 0.468750 0.114583 0.150000
0 0.617708 0.468750 0.114583 0.150000
1 0.740625 0.468750 0.114583 0.150000
1 0.863542 0.468750 0.114583 0.150000
0 0.103125 0.791667 0.089583 0.183333
1 0.201042 0.791667 0.089583 0.183333
1 0.298958 0.791667 0.089583 0.183333
1 0.396875 0.791667 0.089583 0.183333
0 0.494792 0.791667 0.089583 0.183333
1 0.592708 0.791667 0.089583 0.183333
1 0.690625 0.791667 0.089583 0.183333
0 0.788542 0.791667 0.089583 0.183333
0 0.886458 0.791667 0.089583 0.183333