1 0.176215 0.098958 0.064236 0.121528
1 0.247396 0.098958 0.064236 0.121528
1 0.318576 0.098958 0.064236 0.121528
0 0.389757 0.098958 0.064236 0.121528
1 0.460938 0.098958 0.064236 0.121528
0 0.532118 0.098958 0.064236 0.121528
1 0.603299 0.098958 0.064236 0.121528
1 0.674479 0.098958 0.064236 0.121528
1 0.745660 0.098958 0.064236 0.121528
1 0.816840 0.098958 0.064236 0.121528
1 0.107639 0.354167 0.090278 0.125000
1 0.204861 0.354167 0.090278 0.125000
1 0.302083 0.354167 0.090278 0.125000
1 0.399306 0.354167 0.090278 0.125000
1 0.496528 0.354167 0.090278 0.125000
0 0.593750 0.354167 0.090278 0.125000
0 0.690972 0.354167 0.090278 0.125000
1 0.788194 0.354167 0.090278 0.125000
1 0.885417 0.354167 0.090278 0.125000
1 0.342882 0.605035 0.095486 0.112847
1 0.445312 0.605035 0.095486 0.112847
1 0.547743 0.605035 0.095486 0.112847
0 0.650174 0.605035 0.095486 0.112847
1 0.085938 0.875000 0.095486 0.163194
0 0.188368 0.875000 0.095486 0.163194
1 0.290799 0.875000 0.095486 0.163194
0 0.393229 0.875000 0.095486 0.163194
1 0.495660 0.875000 0.095486 0.163194
1 0.598090 0.875000 0.095486 0.163194
0 0.700521 0.875000 0.095486 0.163194
1 0.802951 0.875000 0.095486 0.163194
1 0.905382 0.875000 0.095486 0.163194