1 0.136458 0.138542 0.135417 0.147917
0 0.280208 0.138542 0.135417 0.147917
1 0.423958 0.138542 0.135417 0.147917
1 0.567708 0.138542 0.135417 0.147917
1 0.711458 0.138542 0.135417 0.147917
1 0.855208 0.138542 0.135417 0.147917
1 0.131250 0.491667 0.095833 0.208333
0 0.235417 0.491667 0.095833 0.208333
0 0.339583 0.491667 0.095833 0.208333
0 0.443750 0.491667 0.095833 0.208333
1 0.547917 0.491667 0.095833 0.208333
0 0.652083 0.491667 0.095833 0.208333
0 0.756250 0.491667 0.095833 0.208333
1 0.860417 0.491667 0.095833 0.208333