1 0.183333 0.138542 0.095833 0.164583
1 0.287500 0.138542 0.095833 0.164583
0 0.391667 0.138542 0.095833 0.164583
1 0.495833 0.138542 0.095833 0.164583
1 0.600000 0.138542 0.095833 0.164583
1 0.704167 0.138542 0.095833 0.164583
1 0.808333 0.138542 0.095833 0.164583
1 0.120833 0.488542 0.075000 0.193750
1 0.204167 0.488542 0.075000 0.193750
1 0.287500 0.488542 0.075000 0.193750
1 0.370833 0.488542 0.075000 0.193750
1 0.454167 0.488542 0.075000 0.193750
1 0.537500 0.488542 0.075000 0.193750
1 0.620833 0.488542 0.075000 0.193750
0 0.704167 0.488542 0.075000 0.193750
0 0.787500 0.488542 0.075000 0.193750
1 0.870833 0.488542 0.075000 0.193750