1 0.135742 0.117188 0.072266 0.152344
1 0.215820 0.117188 0.072266 0.152344
1 0.295898 0.117188 0.072266 0.152344
1 0.375977 0.117188 0.072266 0.152344
1 0.456055 0.117188 0.072266 0.152344
1 0.536133 0.117188 0.072266 0.152344
0 0.616211 0.117188 0.072266 0.152344
1 0.696289 0.117188 0.072266 0.152344
1 0.776367 0.117188 0.072266 0.152344
0 0.856445 0.117188 0.072266 0.152344
1 0.337891 0.425781 0.097656 0.132812
1 0.443359 0.425781 0.097656 0.132812
1 0.548828 0.425781 0.097656 0.132812
0 0.654297 0.425781 0.097656 0.132812