1 0.220833 0.142708 0.175000 0.077083
0 0.404167 0.142708 0.175000 0.077083
1 0.587500 0.142708 0.175000 0.077083
1 0.770833 0.142708 0.175000 0.077083
0 0.287500 0.352083 0.200000 0.091667
0 0.495833 0.352083 0.200000 0.091667
1 0.704167 0.352083 0.200000 0.091667
1 0.255208 0.562500 0.152083 0.079167
0 0.415625 0.562500 0.152083 0.079167
1 0.576042 0.562500 0.152083 0.079167
0 0.736458 0.562500 0.152083 0.079167
1 0.248958 0.760417 0.156250 0.066667
1 0.413542 0.760417 0.156250 0.066667
1 0.578125 0.760417 0.156250 0.066667
1 0.742708 0.760417 0.156250 0.066667