1 0.144965 0.082465 0.168403 0.060764
1 0.320312 0.082465 0.168403 0.060764
0 0.495660 0.082465 0.168403 0.060764
1 0.671007 0.082465 0.168403 0.060764
1 0.846354 0.082465 0.168403 0.060764
0 0.140625 0.315972 0.135417 0.072917
1 0.282986 0.315972 0.135417 0.072917
1 0.425347 0.315972 0.135417 0.072917
1 0.567708 0.315972 0.135417 0.072917
1 0.710069 0.315972 0.135417 0.072917
0 0.852431 0.315972 0.135417 0.072917
0 0.144965 0.554688 0.133681 0.071181
0 0.285590 0.554688 0.133681 0.071181
0 0.426215 0.554688 0.133681 0.071181
1 0.566840 0.554688 0.133681 0.071181
1 0.707465 0.554688 0.133681 0.071181
1 0.848090 0.554688 0.133681 0.071181