1 0.096094 0.115625 0.082812 0.156250
0 0.185156 0.115625 0.082812 0.156250
1 0.274219 0.115625 0.082812 0.156250
1 0.363281 0.115625 0.082812 0.156250
0 0.452344 0.115625 0.082812 0.156250
0 0.541406 0.115625 0.082812 0.156250
0 0.630469 0.115625 0.082812 0.156250
1 0.719531 0.115625 0.082812 0.156250
1 0.808594 0.115625 0.082812 0.156250
1 0.897656 0.115625 0.082812 0.156250
1 0.349219 0.377344 0.067187 0.110937
1 0.422656 0.377344 0.067187 0.110937
1 0.496094 0.377344 0.067187 0.110937
1 0.569531 0.377344 0.067187 0.110937
1 0.642969 0.377344 0.067187 0.110937
0 0.346875 0.616406 0.093750 0.110937
0 0.446875 0.616406 0.093750 0.110937
1 0.546875 0.616406 0.093750 0.110937
1 0.646875 0.616406 0.093750 0.110937