1 0.167708 0.169792 0.085417 0.156250
1 0.261458 0.169792 0.085417 0.156250
1 0.355208 0.169792 0.085417 0.156250
1 0.448958 0.169792 0.085417 0.156250
1 0.542708 0.169792 0.085417 0.156250
1 0.636458 0.169792 0.085417 0.156250
1 0.730208 0.169792 0.085417 0.156250
1 0.823958 0.169792 0.085417 0.156250
1 0.207292 0.461458 0.135417 0.177083
0 0.351042 0.461458 0.135417 0.177083
1 0.494792 0.461458 0.135417 0.177083
1 0.638542 0.461458 0.135417 0.177083
1 0.782292 0.461458 0.135417 0.177083
1 0.273958 0.748958 0.102083 0.147917
1 0.384375 0.748958 0.102083 0.147917
1 0.494792 0.748958 0.102083 0.147917
1 0.605208 0.748958 0.102083 0.147917
1 0.715625 0.748958 0.102083 0.147917