1 0.112305 0.135742 0.087891 0.193359
1 0.208008 0.135742 0.087891 0.193359
1 0.303711 0.135742 0.087891 0.193359
0 0.399414 0.135742 0.087891 0.193359
1 0.495117 0.135742 0.087891 0.193359
0 0.590820 0.135742 0.087891 0.193359
0 0.686523 0.135742 0.087891 0.193359
1 0.782227 0.135742 0.087891 0.193359
1 0.877930 0.135742 0.087891 0.193359
1 0.308594 0.464844 0.117188 0.187500
1 0.433594 0.464844 0.117188 0.187500
1 0.558594 0.464844 0.117188 0.187500
0 0.683594 0.464844 0.117188 0.187500
1 0.167969 0.771484 0.085938 0.148438
1 0.261719 0.771484 0.085938 0.148438
1 0.355469 0.771484 0.085938 0.148438
1 0.449219 0.771484 0.085938 0.148438
0 0.542969 0.771484 0.085938 0.148438
1 0.636719 0.771484 0.085938 0.148438
1 0.730469 0.771484 0.085938 0.148438
0 0.824219 0.771484 0.085938 0.148438