1 0.120833 0.141667 0.116667 0.195833
0 0.245833 0.141667 0.116667 0.195833
1 0.370833 0.141667 0.116667 0.195833
1 0.495833 0.141667 0.116667 0.195833
1 0.620833 0.141667 0.116667 0.195833
1 0.745833 0.141667 0.116667 0.195833
1 0.870833 0.141667 0.116667 0.195833
1 0.103125 0.520833 0.089583 0.183333
1 0.201042 0.520833 0.089583 0.183333
1 0.298958 0.520833 0.089583 0.183333
1 0.396875 0.520833 0.089583 0.183333
0 0.494792 0.520833 0.089583 0.183333
1 0.592708 0.520833 0.089583 0.183333
0 0.690625 0.520833 0.089583 0.183333
1 0.788542 0.520833 0.089583 0.183333
1 0.886458 0.520833 0.089583 0.183333