1 0.099609 0.119141 0.105469 0.144531
1 0.212891 0.119141 0.105469 0.144531
1 0.326172 0.119141 0.105469 0.144531
1 0.439453 0.119141 0.105469 0.144531
1 0.552734 0.119141 0.105469 0.144531
1 0.666016 0.119141 0.105469 0.144531
1 0.779297 0.119141 0.105469 0.144531
0 0.892578 0.119141 0.105469 0.144531
1 0.159180 0.451172 0.126953 0.164062
0 0.293945 0.451172 0.126953 0.164062
1 0.428711 0.451172 0.126953 0.164062
0 0.563477 0.451172 0.126953 0.164062
1 0.698242 0.451172 0.126953 0.164062
1 0.833008 0.451172 0.126953 0.164062
1 0.121094 0.800781 0.085938 0.179688
0 0.214844 0.800781 0.085938 0.179688
1 0.308594 0.800781 0.085938 0.179688
1 0.402344 0.800781 0.085938 0.179688
1 0.496094 0.800781 0.085938 0.179688
0 0.589844 0.800781 0.085938 0.179688
1 0.683594 0.800781 0.085938 0.179688
1 0.777344 0.800781 0.085938 0.179688
1 0.871094 0.800781 0.085938 0.179688