1 0.208333 0.153125 0.087500 0.177083
0 0.304167 0.153125 0.087500 0.177083
0 0.400000 0.153125 0.087500 0.177083
1 0.495833 0.153125 0.087500 0.177083
0 0.591667 0.153125 0.087500 0.177083
1 0.687500 0.153125 0.087500 0.177083
0 0.783333 0.153125 0.087500 0.177083
0 0.120833 0.521875 0.075000 0.197917
1 0.204167 0.521875 0.075000 0.197917
1 0.287500 0.521875 0.075000 0.197917
0 0.370833 0.521875 0.075000 0.197917
1 0.454167 0.521875 0.075000 0.197917
0 0.537500 0.521875 0.075000 0.197917
0 0.620833 0.521875 0.075000 0.197917
1 0.704167 0.521875 0.075000 0.197917
0 0.787500 0.521875 0.075000 0.197917
1 0.870833 0.521875 0.075000 0.197917