1 0.172656 0.101562 0.123438 0.065625
1 0.302344 0.101562 0.123438 0.065625
1 0.432031 0.101562 0.123438 0.065625
0 0.561719 0.101562 0.123438 0.065625
1 0.691406 0.101562 0.123438 0.065625
0 0.821094 0.101562 0.123438 0.065625
1 0.160938 0.305469 0.128125 0.051562
1 0.295312 0.305469 0.128125 0.051562
1 0.429688 0.305469 0.128125 0.051562
1 0.564063 0.305469 0.128125 0.051562
0 0.698438 0.305469 0.128125 0.051562
1 0.832812 0.305469 0.128125 0.051562
1 0.141406 0.506250 0.135937 0.059375
0 0.283594 0.506250 0.135937 0.059375
1 0.425781 0.506250 0.135937 0.059375
1 0.567969 0.506250 0.135937 0.059375
1 0.710156 0.506250 0.135937 0.059375
0 0.852344 0.506250 0.135937 0.059375
1 0.145313 0.714063 0.134375 0.065625
0 0.285938 0.714063 0.134375 0.065625
1 0.426563 0.714063 0.134375 0.065625
1 0.567187 0.714063 0.134375 0.065625
1 0.707812 0.714063 0.134375 0.065625
0 0.848437 0.714063 0.134375 0.065625