1 0.218750 0.116319 0.104167 0.163194
1 0.329861 0.116319 0.104167 0.163194
1 0.440972 0.116319 0.104167 0.163194
1 0.552083 0.116319 0.104167 0.163194
0 0.663194 0.116319 0.104167 0.163194
0 0.774306 0.116319 0.104167 0.163194
1 0.113715 0.448785 0.088542 0.154514
1 0.209201 0.448785 0.088542 0.154514
1 0.304688 0.448785 0.088542 0.154514
1 0.400174 0.448785 0.088542 0.154514
0 0.495660 0.448785 0.088542 0.154514
1 0.591146 0.448785 0.088542 0.154514
1 0.686632 0.448785 0.088542 0.154514
1 0.782118 0.448785 0.088542 0.154514
0 0.877604 0.448785 0.088542 0.154514
1 0.256944 0.778646 0.072917 0.157986
0 0.336806 0.778646 0.072917 0.157986
1 0.416667 0.778646 0.072917 0.157986
0 0.496528 0.778646 0.072917 0.157986
1 0.576389 0.778646 0.072917 0.157986
0 0.656250 0.778646 0.072917 0.157986
1 0.736111 0.778646 0.072917 0.157986