1 0.136285 0.113715 0.112847 0.130208
0 0.256076 0.113715 0.112847 0.130208
0 0.375868 0.113715 0.112847 0.130208
1 0.495660 0.113715 0.112847 0.130208
0 0.615451 0.113715 0.112847 0.130208
1 0.735243 0.113715 0.112847 0.130208
0 0.855035 0.113715 0.112847 0.130208
1 0.361111 0.355035 0.083333 0.137153
1 0.451389 0.355035 0.083333 0.137153
1 0.541667 0.355035 0.083333 0.137153
0 0.631944 0.355035 0.083333 0.137153
1 0.180556 0.607639 0.083333 0.152778
0 0.270833 0.607639 0.083333 0.152778
1 0.361111 0.607639 0.083333 0.152778
0 0.451389 0.607639 0.083333 0.152778
0 0.541667 0.607639 0.083333 0.152778
0 0.631944 0.607639 0.083333 0.152778
1 0.722222 0.607639 0.083333 0.152778
0 0.812500 0.607639 0.083333 0.152778
1 0.099826 0.866319 0.092014 0.149306
1 0.198785 0.866319 0.092014 0.149306
0 0.297743 0.866319 0.092014 0.149306
1 0.396701 0.866319 0.092014 0.149306
1 0.495660 0.866319 0.092014 0.149306
1 0.594618 0.866319 0.092014 0.149306
0 0.693576 0.866319 0.092014 0.149306
1 0.792535 0.866319 0.092014 0.149306
1 0.891493 0.866319 0.092014 0.149306