1 0.145833 0.182292 0.091667 0.193750
1 0.245833 0.182292 0.091667 0.193750
1 0.345833 0.182292 0.091667 0.193750
1 0.445833 0.182292 0.091667 0.193750
1 0.545833 0.182292 0.091667 0.193750
1 0.645833 0.182292 0.091667 0.193750
1 0.745833 0.182292 0.091667 0.193750
1 0.845833 0.182292 0.091667 0.193750
1 0.153125 0.525000 0.089583 0.195833
1 0.251042 0.525000 0.089583 0.195833
0 0.348958 0.525000 0.089583 0.195833
1 0.446875 0.525000 0.089583 0.195833
1 0.544792 0.525000 0.089583 0.195833
1 0.642708 0.525000 0.089583 0.195833
1 0.740625 0.525000 0.089583 0.195833
1 0.838542 0.525000 0.089583 0.195833