0 0.139844 0.126562 0.082812 0.109375
1 0.228906 0.126562 0.082812 0.109375
1 0.317969 0.126562 0.082812 0.109375
1 0.407031 0.126562 0.082812 0.109375
1 0.496094 0.126562 0.082812 0.109375
1 0.585156 0.126562 0.082812 0.109375
0 0.674219 0.126562 0.082812 0.109375
0 0.763281 0.126562 0.082812 0.109375
1 0.852344 0.126562 0.082812 0.109375
1 0.349219 0.389062 0.092188 0.153125
0 0.447656 0.389062 0.092188 0.153125
1 0.546094 0.389062 0.092188 0.153125
0 0.644531 0.389062 0.092188 0.153125
1 0.250781 0.650000 0.064062 0.106250
1 0.321094 0.650000 0.064062 0.106250
1 0.391406 0.650000 0.064062 0.106250
1 0.461719 0.650000 0.064062 0.106250
1 0.532031 0.650000 0.064062 0.106250
1 0.602344 0.650000 0.064062 0.106250
0 0.672656 0.650000 0.064062 0.106250
1 0.742969 0.650000 0.064062 0.106250