1 0.130208 0.148958 0.072917 0.152083
1 0.211458 0.148958 0.072917 0.152083
1 0.292708 0.148958 0.072917 0.152083
1 0.373958 0.148958 0.072917 0.152083
1 0.455208 0.148958 0.072917 0.152083
1 0.536458 0.148958 0.072917 0.152083
0 0.617708 0.148958 0.072917 0.152083
0 0.698958 0.148958 0.072917 0.152083
1 0.780208 0.148958 0.072917 0.152083
1 0.861458 0.148958 0.072917 0.152083
1 0.195833 0.444792 0.091667 0.152083
1 0.295833 0.444792 0.091667 0.152083
1 0.395833 0.444792 0.091667 0.152083
1 0.495833 0.444792 0.091667 0.152083
1 0.595833 0.444792 0.091667 0.152083
1 0.695833 0.444792 0.091667 0.152083
1 0.795833 0.444792 0.091667 0.152083
1 0.145833 0.757292 0.091667 0.185417
0 0.245833 0.757292 0.091667 0.185417
1 0.345833 0.757292 0.091667 0.185417
1 0.445833 0.757292 0.091667 0.185417
1 0.545833 0.757292 0.091667 0.185417
1 0.645833 0.757292 0.091667 0.185417
1 0.745833 0.757292 0.091667 0.185417
1 0.845833 0.757292 0.091667 0.185417