0 0.138542 0.176042 0.093750 0.168750
1 0.240625 0.176042 0.093750 0.168750
1 0.342708 0.176042 0.093750 0.168750
1 0.444792 0.176042 0.093750 0.168750
1 0.546875 0.176042 0.093750 0.168750
1 0.648958 0.176042 0.093750 0.168750
1 0.751042 0.176042 0.093750 0.168750
0 0.853125 0.176042 0.093750 0.168750
1 0.198958 0.561458 0.110417 0.202083
1 0.317708 0.561458 0.110417 0.202083
1 0.436458 0.561458 0.110417 0.202083
1 0.555208 0.561458 0.110417 0.202083
1 0.673958 0.561458 0.110417 0.202083
0 0.792708 0.561458 0.110417 0.202083