1 0.234375 0.107031 0.081250 0.117188
1 0.321875 0.107031 0.081250 0.117188
1 0.409375 0.107031 0.081250 0.117188
1 0.496875 0.107031 0.081250 0.117188
0 0.584375 0.107031 0.081250 0.117188
1 0.671875 0.107031 0.081250 0.117188
1 0.759375 0.107031 0.081250 0.117188
0 0.171875 0.368750 0.075000 0.118750
1 0.253125 0.368750 0.075000 0.118750
0 0.334375 0.368750 0.075000 0.118750
1 0.415625 0.368750 0.075000 0.118750
1 0.496875 0.368750 0.075000 0.118750
1 0.578125 0.368750 0.075000 0.118750
1 0.659375 0.368750 0.075000 0.118750
1 0.740625 0.368750 0.075000 0.118750
1 0.821875 0.368750 0.075000 0.118750
1 0.386719 0.632031 0.067187 0.120313
0 0.460156 0.632031 0.067187 0.120313
1 0.533594 0.632031 0.067187 0.120313
0 0.607031 0.632031 0.067187 0.120313