0 0.161133 0.122070 0.103516 0.126953
1 0.272461 0.122070 0.103516 0.126953
1 0.383789 0.122070 0.103516 0.126953
1 0.495117 0.122070 0.103516 0.126953
1 0.606445 0.122070 0.103516 0.126953
0 0.717773 0.122070 0.103516 0.126953
1 0.829102 0.122070 0.103516 0.126953
1 0.126953 0.420898 0.097656 0.181641
1 0.232422 0.420898 0.097656 0.181641
1 0.337891 0.420898 0.097656 0.181641
1 0.443359 0.420898 0.097656 0.181641
1 0.548828 0.420898 0.097656 0.181641
1 0.654297 0.420898 0.097656 0.181641
0 0.759766 0.420898 0.097656 0.181641
0 0.865234 0.420898 0.097656 0.181641