0 0.130469 0.132812 0.098437 0.150000
0 0.235156 0.132812 0.098437 0.150000
1 0.339844 0.132812 0.098437 0.150000
0 0.444531 0.132812 0.098437 0.150000
1 0.549219 0.132812 0.098437 0.150000
1 0.653906 0.132812 0.098437 0.150000
0 0.758594 0.132812 0.098437 0.150000
1 0.863281 0.132812 0.098437 0.150000
1 0.134375 0.382031 0.084375 0.120313
0 0.225000 0.382031 0.084375 0.120313
1 0.315625 0.382031 0.084375 0.120313
1 0.406250 0.382031 0.084375 0.120313
1 0.496875 0.382031 0.084375 0.120313
1 0.587500 0.382031 0.084375 0.120313
1 0.678125 0.382031 0.084375 0.120313
1 0.768750 0.382031 0.084375 0.120313
0 0.859375 0.382031 0.084375 0.120313
1 0.250781 0.611719 0.092188 0.110937
1 0.349219 0.611719 0.092188 0.110937
0 0.447656 0.611719 0.092188 0.110937
0 0.546094 0.611719 0.092188 0.110937
0 0.644531 0.611719 0.092188 0.110937
1 0.742969 0.611719 0.092188 0.110937