1 0.209375 0.125000 0.065625 0.137500
1 0.281250 0.125000 0.065625 0.137500
1 0.353125 0.125000 0.065625 0.137500
0 0.425000 0.125000 0.065625 0.137500
1 0.496875 0.125000 0.065625 0.137500
1 0.568750 0.125000 0.065625 0.137500
1 0.640625 0.125000 0.065625 0.137500
1 0.712500 0.125000 0.065625 0.137500
1 0.784375 0.125000 0.065625 0.137500
0 0.254688 0.391406 0.090625 0.148438
1 0.351562 0.391406 0.090625 0.148438
1 0.448437 0.391406 0.090625 0.148438
0 0.545312 0.391406 0.090625 0.148438
1 0.642188 0.391406 0.090625 0.148438
1 0.739062 0.391406 0.090625 0.148438
0 0.398438 0.646094 0.059375 0.114062
1 0.464062 0.646094 0.059375 0.114062
0 0.529687 0.646094 0.059375 0.114062
1 0.595313 0.646094 0.059375 0.114062