1 0.300781 0.114258 0.070312 0.130859
1 0.378906 0.114258 0.070312 0.130859
1 0.457031 0.114258 0.070312 0.130859
1 0.535156 0.114258 0.070312 0.130859
1 0.613281 0.114258 0.070312 0.130859
1 0.691406 0.114258 0.070312 0.130859
1 0.149414 0.391602 0.107422 0.166016
1 0.264648 0.391602 0.107422 0.166016
1 0.379883 0.391602 0.107422 0.166016
0 0.495117 0.391602 0.107422 0.166016
1 0.610352 0.391602 0.107422 0.166016
1 0.725586 0.391602 0.107422 0.166016
1 0.840820 0.391602 0.107422 0.166016
0 0.272461 0.695312 0.103516 0.183594
1 0.383789 0.695312 0.103516 0.183594
1 0.495117 0.695312 0.103516 0.183594
1 0.606445 0.695312 0.103516 0.183594
1 0.717773 0.695312 0.103516 0.183594