0 0.125000 0.139063 0.100000 0.140625
0 0.231250 0.139063 0.100000 0.140625
1 0.337500 0.139063 0.100000 0.140625
1 0.443750 0.139063 0.100000 0.140625
1 0.550000 0.139063 0.100000 0.140625
1 0.656250 0.139063 0.100000 0.140625
0 0.762500 0.139063 0.100000 0.140625
0 0.868750 0.139063 0.100000 0.140625
1 0.137500 0.378125 0.065625 0.118750
1 0.209375 0.378125 0.065625 0.118750
0 0.281250 0.378125 0.065625 0.118750
1 0.353125 0.378125 0.065625 0.118750
1 0.425000 0.378125 0.065625 0.118750
1 0.496875 0.378125 0.065625 0.118750
1 0.568750 0.378125 0.065625 0.118750
0 0.640625 0.378125 0.065625 0.118750
1 0.712500 0.378125 0.065625 0.118750
0 0.784375 0.378125 0.065625 0.118750
0 0.856250 0.378125 0.065625 0.118750
1 0.173437 0.604688 0.065625 0.115625
0 0.245312 0.604688 0.065625 0.115625
0 0.317188 0.604688 0.065625 0.115625
1 0.389062 0.604688 0.065625 0.115625
0 0.460938 0.604688 0.065625 0.115625
0 0.532813 0.604688 0.065625 0.115625
1 0.604688 0.604688 0.065625 0.115625
1 0.676562 0.604688 0.065625 0.115625
1 0.748437 0.604688 0.065625 0.115625
1 0.820312 0.604688 0.065625 0.115625
0 0.321094 0.829688 0.064062 0.115625
1 0.391406 0.829688 0.064062 0.115625
1 0.461719 0.829688 0.064062 0.115625
1 0.532031 0.829688 0.064062 0.115625
1 0.602344 0.829688 0.064062 0.115625
1 0.672656 0.829688 0.064062 0.115625