0 0.238281 0.116211 0.164062 0.060547
1 0.410156 0.116211 0.164062 0.060547
1 0.582031 0.116211 0.164062 0.060547
0 0.753906 0.116211 0.164062 0.060547
1 0.167969 0.327148 0.156250 0.068359
1 0.332031 0.327148 0.156250 0.068359
0 0.496094 0.327148 0.156250 0.068359
1 0.660156 0.327148 0.156250 0.068359
1 0.824219 0.327148 0.156250 0.068359
0 0.229492 0.538086 0.169922 0.060547
1 0.407227 0.538086 0.169922 0.060547
0 0.584961 0.538086 0.169922 0.060547
0 0.762695 0.538086 0.169922 0.060547
0 0.199219 0.750977 0.140625 0.072266
1 0.347656 0.750977 0.140625 0.072266
0 0.496094 0.750977 0.140625 0.072266
0 0.644531 0.750977 0.140625 0.072266
0 0.792969 0.750977 0.140625 0.072266