1 0.178711 0.105469 0.150391 0.082031
1 0.336914 0.105469 0.150391 0.082031
0 0.495117 0.105469 0.150391 0.082031
1 0.653320 0.105469 0.150391 0.082031
1 0.811523 0.105469 0.150391 0.082031
1 0.170898 0.327148 0.154297 0.083984
0 0.333008 0.327148 0.154297 0.083984
1 0.495117 0.327148 0.154297 0.083984
1 0.657227 0.327148 0.154297 0.083984
1 0.819336 0.327148 0.154297 0.083984
1 0.178711 0.538086 0.150391 0.060547
1 0.336914 0.538086 0.150391 0.060547
1 0.495117 0.538086 0.150391 0.060547
1 0.653320 0.538086 0.150391 0.060547
1 0.811523 0.538086 0.150391 0.060547
1 0.226562 0.740234 0.171875 0.066406
1 0.406250 0.740234 0.171875 0.066406
1 0.585938 0.740234 0.171875 0.066406
1 0.765625 0.740234 0.171875 0.066406