1 0.127930 0.156250 0.083984 0.167969
1 0.219727 0.156250 0.083984 0.167969
0 0.311523 0.156250 0.083984 0.167969
1 0.403320 0.156250 0.083984 0.167969
0 0.495117 0.156250 0.083984 0.167969
0 0.586914 0.156250 0.083984 0.167969
1 0.678711 0.156250 0.083984 0.167969
1 0.770508 0.156250 0.083984 0.167969
1 0.862305 0.156250 0.083984 0.167969
1 0.133789 0.521484 0.095703 0.191406
1 0.237305 0.521484 0.095703 0.191406
1 0.340820 0.521484 0.095703 0.191406
1 0.444336 0.521484 0.095703 0.191406
1 0.547852 0.521484 0.095703 0.191406
1 0.651367 0.521484 0.095703 0.191406
1 0.754883 0.521484 0.095703 0.191406
1 0.858398 0.521484 0.095703 0.191406