0 0.109375 0.120833 0.102083 0.145833
1 0.219792 0.120833 0.102083 0.145833
1 0.330208 0.120833 0.102083 0.145833
1 0.440625 0.120833 0.102083 0.145833
1 0.551042 0.120833 0.102083 0.145833
1 0.661458 0.120833 0.102083 0.145833
1 0.771875 0.120833 0.102083 0.145833
1 0.882292 0.120833 0.102083 0.145833
0 0.109375 0.473958 0.102083 0.156250
1 0.219792 0.473958 0.102083 0.156250
0 0.330208 0.473958 0.102083 0.156250
1 0.440625 0.473958 0.102083 0.156250
0 0.551042 0.473958 0.102083 0.156250
1 0.661458 0.473958 0.102083 0.156250
0 0.771875 0.473958 0.102083 0.156250
1 0.882292 0.473958 0.102083 0.156250
1 0.367708 0.835417 0.077083 0.162500
1 0.453125 0.835417 0.077083 0.162500
1 0.538542 0.835417 0.077083 0.162500
1 0.623958 0.835417 0.077083 0.162500