1 0.155382 0.121528 0.078125 0.156250
0 0.240451 0.121528 0.078125 0.156250
1 0.325521 0.121528 0.078125 0.156250
1 0.410590 0.121528 0.078125 0.156250
0 0.495660 0.121528 0.078125 0.156250
1 0.580729 0.121528 0.078125 0.156250
1 0.665799 0.121528 0.078125 0.156250
1 0.750868 0.121528 0.078125 0.156250
1 0.835938 0.121528 0.078125 0.156250
1 0.113715 0.424479 0.078125 0.164931
1 0.198785 0.424479 0.078125 0.164931
1 0.283854 0.424479 0.078125 0.164931
1 0.368924 0.424479 0.078125 0.164931
0 0.453993 0.424479 0.078125 0.164931
0 0.539062 0.424479 0.078125 0.164931
0 0.624132 0.424479 0.078125 0.164931
1 0.709201 0.424479 0.078125 0.164931
0 0.794271 0.424479 0.078125 0.164931
1 0.879340 0.424479 0.078125 0.164931
1 0.244792 0.725694 0.093750 0.152778
1 0.345486 0.725694 0.093750 0.152778
1 0.446181 0.725694 0.093750 0.152778
0 0.546875 0.725694 0.093750 0.152778
0 0.647569 0.725694 0.093750 0.152778
1 0.748264 0.725694 0.093750 0.152778