1 0.199219 0.097656 0.140625 0.078125
0 0.347656 0.097656 0.140625 0.078125
1 0.496094 0.097656 0.140625 0.078125
1 0.644531 0.097656 0.140625 0.078125
1 0.792969 0.097656 0.140625 0.078125
0 0.163086 0.326172 0.158203 0.082031
1 0.329102 0.326172 0.158203 0.082031
1 0.495117 0.326172 0.158203 0.082031
1 0.661133 0.326172 0.158203 0.082031
0 0.827148 0.326172 0.158203 0.082031
1 0.220703 0.555664 0.175781 0.080078
1 0.404297 0.555664 0.175781 0.080078
1 0.587891 0.555664 0.175781 0.080078
1 0.771484 0.555664 0.175781 0.080078
0 0.214844 0.785156 0.179688 0.082031
1 0.402344 0.785156 0.179688 0.082031
1 0.589844 0.785156 0.179688 0.082031
1 0.777344 0.785156 0.179688 0.082031