1 0.140625 0.182692 0.108173 0.216346
0 0.258413 0.182692 0.108173 0.216346
1 0.376202 0.182692 0.108173 0.216346
1 0.493990 0.182692 0.108173 0.216346
1 0.611779 0.182692 0.108173 0.216346
1 0.729567 0.182692 0.108173 0.216346
1 0.847356 0.182692 0.108173 0.216346
1 0.149038 0.557692 0.105769 0.192308
0 0.264423 0.557692 0.105769 0.192308
1 0.379808 0.557692 0.105769 0.192308
1 0.495192 0.557692 0.105769 0.192308
1 0.610577 0.557692 0.105769 0.192308
1 0.725962 0.557692 0.105769 0.192308
1 0.841346 0.557692 0.105769 0.192308