1 0.355903 0.119792 0.086806 0.145833
0 0.449653 0.119792 0.086806 0.145833
0 0.543403 0.119792 0.086806 0.145833
1 0.637153 0.119792 0.086806 0.145833
0 0.204861 0.394097 0.065972 0.125000
1 0.277778 0.394097 0.065972 0.125000
1 0.350694 0.394097 0.065972 0.125000
1 0.423611 0.394097 0.065972 0.125000
1 0.496528 0.394097 0.065972 0.125000
1 0.569444 0.394097 0.065972 0.125000
0 0.642361 0.394097 0.065972 0.125000
1 0.715278 0.394097 0.065972 0.125000
0 0.788194 0.394097 0.065972 0.125000
0 0.253472 0.652778 0.062500 0.114583
1 0.322917 0.652778 0.062500 0.114583
1 0.392361 0.652778 0.062500 0.114583
1 0.461806 0.652778 0.062500 0.114583
1 0.531250 0.652778 0.062500 0.114583
1 0.600694 0.652778 0.062500 0.114583
0 0.670139 0.652778 0.062500 0.114583
0 0.739583 0.652778 0.062500 0.114583