0 0.309375 0.131250 0.087500 0.146875
1 0.403125 0.131250 0.087500 0.146875
1 0.496875 0.131250 0.087500 0.146875
1 0.590625 0.131250 0.087500 0.146875
1 0.684375 0.131250 0.087500 0.146875
0 0.110156 0.423438 0.079687 0.125000
0 0.196094 0.423438 0.079687 0.125000
1 0.282031 0.423438 0.079687 0.125000
1 0.367969 0.423438 0.079687 0.125000
1 0.453906 0.423438 0.079687 0.125000
0 0.539844 0.423438 0.079687 0.125000
1 0.625781 0.423438 0.079687 0.125000
1 0.711719 0.423438 0.079687 0.125000
0 0.797656 0.423438 0.079687 0.125000
1 0.883594 0.423438 0.079687 0.125000
1 0.262500 0.710156 0.071875 0.135937
1 0.340625 0.710156 0.071875 0.135937
1 0.418750 0.710156 0.071875 0.135937
1 0.496875 0.710156 0.071875 0.135937
1 0.575000 0.710156 0.071875 0.135937
1 0.653125 0.710156 0.071875 0.135937
1 0.731250 0.710156 0.071875 0.135937