0 0.162500 0.125000 0.125000 0.154167
0 0.295833 0.125000 0.125000 0.154167
1 0.429167 0.125000 0.125000 0.154167
0 0.562500 0.125000 0.125000 0.154167
1 0.695833 0.125000 0.125000 0.154167
1 0.829167 0.125000 0.125000 0.154167
1 0.129167 0.497917 0.083333 0.191667
1 0.220833 0.497917 0.083333 0.191667
0 0.312500 0.497917 0.083333 0.191667
1 0.404167 0.497917 0.083333 0.191667
1 0.495833 0.497917 0.083333 0.191667
1 0.587500 0.497917 0.083333 0.191667
1 0.679167 0.497917 0.083333 0.191667
0 0.770833 0.497917 0.083333 0.191667
1 0.862500 0.497917 0.083333 0.191667