1 0.217014 0.144097 0.072917 0.149306
0 0.296875 0.144097 0.072917 0.149306
1 0.376736 0.144097 0.072917 0.149306
0 0.456597 0.144097 0.072917 0.149306
1 0.536458 0.144097 0.072917 0.149306
1 0.616319 0.144097 0.072917 0.149306
0 0.696181 0.144097 0.072917 0.149306
0 0.776042 0.144097 0.072917 0.149306
0 0.266493 0.472222 0.085069 0.170139
1 0.358507 0.472222 0.085069 0.170139
1 0.450521 0.472222 0.085069 0.170139
1 0.542535 0.472222 0.085069 0.170139
1 0.634549 0.472222 0.085069 0.170139
1 0.726562 0.472222 0.085069 0.170139
1 0.150174 0.783854 0.092014 0.116319
1 0.249132 0.783854 0.092014 0.116319
1 0.348090 0.783854 0.092014 0.116319
1 0.447049 0.783854 0.092014 0.116319
1 0.546007 0.783854 0.092014 0.116319
1 0.644965 0.783854 0.092014 0.116319
1 0.743924 0.783854 0.092014 0.116319
1 0.842882 0.783854 0.092014 0.116319