0 0.309028 0.134549 0.086806 0.126736
0 0.402778 0.134549 0.086806 0.126736
1 0.496528 0.134549 0.086806 0.126736
1 0.590278 0.134549 0.086806 0.126736
1 0.684028 0.134549 0.086806 0.126736
1 0.144097 0.377604 0.093750 0.123264
0 0.244792 0.377604 0.093750 0.123264
0 0.345486 0.377604 0.093750 0.123264
1 0.446181 0.377604 0.093750 0.123264
0 0.546875 0.377604 0.093750 0.123264
1 0.647569 0.377604 0.093750 0.123264
1 0.748264 0.377604 0.093750 0.123264
0 0.848958 0.377604 0.093750 0.123264
0 0.125868 0.624132 0.098958 0.133681
1 0.231771 0.624132 0.098958 0.133681
0 0.337674 0.624132 0.098958 0.133681
1 0.443576 0.624132 0.098958 0.133681
1 0.549479 0.624132 0.098958 0.133681
1 0.655382 0.624132 0.098958 0.133681
0 0.761285 0.624132 0.098958 0.133681
1 0.867188 0.624132 0.098958 0.133681