1 0.175781 0.103516 0.152344 0.066406
1 0.335938 0.103516 0.152344 0.066406
1 0.496094 0.103516 0.152344 0.066406
1 0.656250 0.103516 0.152344 0.066406
1 0.816406 0.103516 0.152344 0.066406
0 0.229492 0.357422 0.169922 0.066406
1 0.407227 0.357422 0.169922 0.066406
1 0.584961 0.357422 0.169922 0.066406
1 0.762695 0.357422 0.169922 0.066406
1 0.167969 0.613281 0.156250 0.070312
1 0.332031 0.613281 0.156250 0.070312
0 0.496094 0.613281 0.156250 0.070312
1 0.660156 0.613281 0.156250 0.070312
1 0.824219 0.613281 0.156250 0.070312