0 0.167535 0.157986 0.102431 0.159722
1 0.276910 0.157986 0.102431 0.159722
0 0.386285 0.157986 0.102431 0.159722
0 0.495660 0.157986 0.102431 0.159722
0 0.605035 0.157986 0.102431 0.159722
1 0.714410 0.157986 0.102431 0.159722
1 0.823785 0.157986 0.102431 0.159722
1 0.150174 0.462674 0.092014 0.126736
1 0.249132 0.462674 0.092014 0.126736
1 0.348090 0.462674 0.092014 0.126736
1 0.447049 0.462674 0.092014 0.126736
1 0.546007 0.462674 0.092014 0.126736
0 0.644965 0.462674 0.092014 0.126736
0 0.743924 0.462674 0.092014 0.126736
1 0.842882 0.462674 0.092014 0.126736
1 0.163194 0.769097 0.104167 0.163194
0 0.274306 0.769097 0.104167 0.163194
1 0.385417 0.769097 0.104167 0.163194
0 0.496528 0.769097 0.104167 0.163194
0 0.607639 0.769097 0.104167 0.163194
1 0.718750 0.769097 0.104167 0.163194
1 0.829861 0.769097 0.104167 0.163194