1 0.136458 0.134375 0.135417 0.172917
0 0.280208 0.134375 0.135417 0.172917
1 0.423958 0.134375 0.135417 0.172917
1 0.567708 0.134375 0.135417 0.172917
1 0.711458 0.134375 0.135417 0.172917
1 0.855208 0.134375 0.135417 0.172917
0 0.254167 0.439583 0.112500 0.150000
1 0.375000 0.439583 0.112500 0.150000
1 0.495833 0.439583 0.112500 0.150000
1 0.616667 0.439583 0.112500 0.150000
1 0.737500 0.439583 0.112500 0.150000
1 0.327083 0.754167 0.104167 0.191667
1 0.439583 0.754167 0.104167 0.191667
1 0.552083 0.754167 0.104167 0.191667
1 0.664583 0.754167 0.104167 0.191667