0 0.391406 0.101562 0.064062 0.137500
1 0.461719 0.101562 0.064062 0.137500
1 0.532031 0.101562 0.064062 0.137500
0 0.602344 0.101562 0.064062 0.137500
1 0.113281 0.379688 0.070312 0.137500
0 0.189844 0.379688 0.070312 0.137500
0 0.266406 0.379688 0.070312 0.137500
0 0.342969 0.379688 0.070312 0.137500
0 0.419531 0.379688 0.070312 0.137500
1 0.496094 0.379688 0.070312 0.137500
1 0.572656 0.379688 0.070312 0.137500
1 0.649219 0.379688 0.070312 0.137500
0 0.725781 0.379688 0.070312 0.137500
1 0.802344 0.379688 0.070312 0.137500
0 0.878906 0.379688 0.070312 0.137500