1 0.292969 0.122656 0.095312 0.139063
1 0.394531 0.122656 0.095312 0.139063
1 0.496094 0.122656 0.095312 0.139063
0 0.597656 0.122656 0.095312 0.139063
1 0.699219 0.122656 0.095312 0.139063
0 0.117188 0.369531 0.078125 0.129688
1 0.201563 0.369531 0.078125 0.129688
1 0.285938 0.369531 0.078125 0.129688
0 0.370312 0.369531 0.078125 0.129688
1 0.454688 0.369531 0.078125 0.129688
1 0.539062 0.369531 0.078125 0.129688
1 0.623437 0.369531 0.078125 0.129688
0 0.707812 0.369531 0.078125 0.129688
1 0.792188 0.369531 0.078125 0.129688
1 0.876563 0.369531 0.078125 0.129688
0 0.134375 0.618750 0.084375 0.143750
1 0.225000 0.618750 0.084375 0.143750
0 0.315625 0.618750 0.084375 0.143750
0 0.406250 0.618750 0.084375 0.143750
1 0.496875 0.618750 0.084375 0.143750
0 0.587500 0.618750 0.084375 0.143750
1 0.678125 0.618750 0.084375 0.143750
1 0.768750 0.618750 0.084375 0.143750
1 0.859375 0.618750 0.084375 0.143750
1 0.119531 0.874219 0.101562 0.142187
0 0.227344 0.874219 0.101562 0.142187
1 0.335156 0.874219 0.101562 0.142187
0 0.442969 0.874219 0.101562 0.142187
1 0.550781 0.874219 0.101562 0.142187
1 0.658594 0.874219 0.101562 0.142187
1 0.766406 0.874219 0.101562 0.142187
0 0.874219 0.874219 0.101562 0.142187