1 0.149306 0.102431 0.131944 0.055556
1 0.288194 0.102431 0.131944 0.055556
0 0.427083 0.102431 0.131944 0.055556
1 0.565972 0.102431 0.131944 0.055556
1 0.704861 0.102431 0.131944 0.055556
1 0.843750 0.102431 0.131944 0.055556
0 0.170139 0.278646 0.156250 0.067708
0 0.333333 0.278646 0.156250 0.067708
1 0.496528 0.278646 0.156250 0.067708
1 0.659722 0.278646 0.156250 0.067708
0 0.822917 0.278646 0.156250 0.067708
1 0.165799 0.455729 0.157986 0.057292
1 0.330729 0.455729 0.157986 0.057292
1 0.495660 0.455729 0.157986 0.057292
1 0.660590 0.455729 0.157986 0.057292
1 0.825521 0.455729 0.157986 0.057292
0 0.197917 0.625868 0.142361 0.053819
1 0.347222 0.625868 0.142361 0.053819
1 0.496528 0.625868 0.142361 0.053819
1 0.645833 0.625868 0.142361 0.053819
0 0.795139 0.625868 0.142361 0.053819