1 0.217969 0.114062 0.073438 0.134375
0 0.297656 0.114062 0.073438 0.134375
1 0.377344 0.114062 0.073438 0.134375
0 0.457031 0.114062 0.073438 0.134375
1 0.536719 0.114062 0.073438 0.134375
0 0.616406 0.114062 0.073438 0.134375
0 0.696094 0.114062 0.073438 0.134375
1 0.775781 0.114062 0.073438 0.134375
1 0.228906 0.385937 0.070312 0.131250
1 0.305469 0.385937 0.070312 0.131250
1 0.382031 0.385937 0.070312 0.131250
1 0.458594 0.385937 0.070312 0.131250
1 0.535156 0.385937 0.070312 0.131250
0 0.611719 0.385937 0.070312 0.131250
0 0.688281 0.385937 0.070312 0.131250
0 0.764844 0.385937 0.070312 0.131250
1 0.137500 0.660156 0.065625 0.139063
1 0.209375 0.660156 0.065625 0.139063
1 0.281250 0.660156 0.065625 0.139063
0 0.353125 0.660156 0.065625 0.139063
1 0.425000 0.660156 0.065625 0.139063
1 0.496875 0.660156 0.065625 0.139063
1 0.568750 0.660156 0.065625 0.139063
0 0.640625 0.660156 0.065625 0.139063
1 0.712500 0.660156 0.065625 0.139063
0 0.784375 0.660156 0.065625 0.139063
1 0.856250 0.660156 0.065625 0.139063