1 0.145313 0.092969 0.134375 0.070312
1 0.285938 0.092969 0.134375 0.070312
1 0.426563 0.092969 0.134375 0.070312
0 0.567187 0.092969 0.134375 0.070312
1 0.707812 0.092969 0.134375 0.070312
1 0.848437 0.092969 0.134375 0.070312
1 0.302344 0.289844 0.123438 0.054688
1 0.432031 0.289844 0.123438 0.054688
0 0.561719 0.289844 0.123438 0.054688
0 0.691406 0.289844 0.123438 0.054688
0 0.174219 0.482812 0.154688 0.062500
0 0.335156 0.482812 0.154688 0.062500
1 0.496094 0.482812 0.154688 0.062500
0 0.657031 0.482812 0.154688 0.062500
1 0.817969 0.482812 0.154688 0.062500
1 0.321094 0.675781 0.110937 0.054688
1 0.438281 0.675781 0.110937 0.054688
1 0.555469 0.675781 0.110937 0.054688
1 0.672656 0.675781 0.110937 0.054688