0 0.184028 0.084201 0.149306 0.053819
1 0.340278 0.084201 0.149306 0.053819
1 0.496528 0.084201 0.149306 0.053819
0 0.652778 0.084201 0.149306 0.053819
0 0.809028 0.084201 0.149306 0.053819
0 0.171007 0.270833 0.123264 0.072917
0 0.301215 0.270833 0.123264 0.072917
1 0.431424 0.270833 0.123264 0.072917
1 0.561632 0.270833 0.123264 0.072917
0 0.691840 0.270833 0.123264 0.072917
1 0.822049 0.270833 0.123264 0.072917
1 0.163194 0.463542 0.159722 0.065972
1 0.329861 0.463542 0.159722 0.065972
0 0.496528 0.463542 0.159722 0.065972
1 0.663194 0.463542 0.159722 0.065972
1 0.829861 0.463542 0.159722 0.065972
1 0.177083 0.655382 0.152778 0.071181
1 0.336806 0.655382 0.152778 0.071181
1 0.496528 0.655382 0.152778 0.071181
1 0.656250 0.655382 0.152778 0.071181
1 0.815972 0.655382 0.152778 0.071181