1 0.175000 0.183333 0.083333 0.175000
1 0.266667 0.183333 0.083333 0.175000
1 0.358333 0.183333 0.083333 0.175000
1 0.450000 0.183333 0.083333 0.175000
0 0.541667 0.183333 0.083333 0.175000
1 0.633333 0.183333 0.083333 0.175000
1 0.725000 0.183333 0.083333 0.175000
0 0.816667 0.183333 0.083333 0.175000
1 0.282292 0.495833 0.077083 0.145833
0 0.367708 0.495833 0.077083 0.145833
1 0.453125 0.495833 0.077083 0.145833
0 0.538542 0.495833 0.077083 0.145833
0 0.623958 0.495833 0.077083 0.145833
1 0.709375 0.495833 0.077083 0.145833