1 0.092969 0.110156 0.067187 0.145313
0 0.166406 0.110156 0.067187 0.145313
1 0.239844 0.110156 0.067187 0.145313
1 0.313281 0.110156 0.067187 0.145313
0 0.386719 0.110156 0.067187 0.145313
1 0.460156 0.110156 0.067187 0.145313
1 0.533594 0.110156 0.067187 0.145313
1 0.607031 0.110156 0.067187 0.145313
1 0.680469 0.110156 0.067187 0.145313
1 0.753906 0.110156 0.067187 0.145313
1 0.827344 0.110156 0.067187 0.145313
1 0.900781 0.110156 0.067187 0.145313
1 0.175781 0.393750 0.057813 0.143750
1 0.239844 0.393750 0.057813 0.143750
1 0.303906 0.393750 0.057813 0.143750
1 0.367969 0.393750 0.057813 0.143750
1 0.432031 0.393750 0.057813 0.143750
1 0.496094 0.393750 0.057813 0.143750
0 0.560156 0.393750 0.057813 0.143750
0 0.624219 0.393750 0.057813 0.143750
0 0.688281 0.393750 0.057813 0.143750
1 0.752344 0.393750 0.057813 0.143750
1 0.816406 0.393750 0.057813 0.143750
1 0.275781 0.656250 0.067187 0.103125
0 0.349219 0.656250 0.067187 0.103125
1 0.422656 0.656250 0.067187 0.103125
1 0.496094 0.656250 0.067187 0.103125
1 0.569531 0.656250 0.067187 0.103125
1 0.642969 0.656250 0.067187 0.103125
1 0.716406 0.656250 0.067187 0.103125