0 0.194444 0.098958 0.093750 0.128472
1 0.295139 0.098958 0.093750 0.128472
1 0.395833 0.098958 0.093750 0.128472
1 0.496528 0.098958 0.093750 0.128472
1 0.597222 0.098958 0.093750 0.128472
1 0.697917 0.098958 0.093750 0.128472
1 0.798611 0.098958 0.093750 0.128472
1 0.079861 0.364583 0.076389 0.121528
1 0.163194 0.364583 0.076389 0.121528
0 0.246528 0.364583 0.076389 0.121528
1 0.329861 0.364583 0.076389 0.121528
0 0.413194 0.364583 0.076389 0.121528
1 0.496528 0.364583 0.076389 0.121528
1 0.579861 0.364583 0.076389 0.121528
1 0.663194 0.364583 0.076389 0.121528
1 0.746528 0.364583 0.076389 0.121528
1 0.829861 0.364583 0.076389 0.121528
1 0.913194 0.364583 0.076389 0.121528
0 0.085938 0.651910 0.095486 0.171875
0 0.188368 0.651910 0.095486 0.171875
0 0.290799 0.651910 0.095486 0.171875
1 0.393229 0.651910 0.095486 0.171875
1 0.495660 0.651910 0.095486 0.171875
1 0.598090 0.651910 0.095486 0.171875
1 0.700521 0.651910 0.095486 0.171875
0 0.802951 0.651910 0.095486 0.171875
1 0.905382 0.651910 0.095486 0.171875