1 0.225000 0.098437 0.084375 0.112500
1 0.315625 0.098437 0.084375 0.112500
1 0.406250 0.098437 0.084375 0.112500
0 0.496875 0.098437 0.084375 0.112500
1 0.587500 0.098437 0.084375 0.112500
1 0.678125 0.098437 0.084375 0.112500
1 0.768750 0.098437 0.084375 0.112500
0 0.285156 0.350000 0.064062 0.146875
0 0.355469 0.350000 0.064062 0.146875
1 0.425781 0.350000 0.064062 0.146875
1 0.496094 0.350000 0.064062 0.146875
1 0.566406 0.350000 0.064062 0.146875
1 0.636719 0.350000 0.064062 0.146875
0 0.707031 0.350000 0.064062 0.146875
0 0.127344 0.617188 0.085938 0.143750
1 0.219531 0.617188 0.085938 0.143750
0 0.311719 0.617188 0.085938 0.143750
1 0.403906 0.617188 0.085938 0.143750
0 0.496094 0.617188 0.085938 0.143750
0 0.588281 0.617188 0.085938 0.143750
0 0.680469 0.617188 0.085938 0.143750
1 0.772656 0.617188 0.085938 0.143750
1 0.864844 0.617188 0.085938 0.143750
0 0.089063 0.878125 0.084375 0.134375
0 0.179688 0.878125 0.084375 0.134375
1 0.270313 0.878125 0.084375 0.134375
0 0.360938 0.878125 0.084375 0.134375
1 0.451562 0.878125 0.084375 0.134375
1 0.542188 0.878125 0.084375 0.134375
1 0.632812 0.878125 0.084375 0.134375
1 0.723437 0.878125 0.084375 0.134375
1 0.814063 0.878125 0.084375 0.134375
0 0.904687 0.878125 0.084375 0.134375