1 0.223958 0.175000 0.127083 0.150000
1 0.359375 0.175000 0.127083 0.150000
1 0.494792 0.175000 0.127083 0.150000
0 0.630208 0.175000 0.127083 0.150000
1 0.765625 0.175000 0.127083 0.150000
1 0.176042 0.462500 0.097917 0.150000
0 0.282292 0.462500 0.097917 0.150000
1 0.388542 0.462500 0.097917 0.150000
1 0.494792 0.462500 0.097917 0.150000
1 0.601042 0.462500 0.097917 0.150000
1 0.707292 0.462500 0.097917 0.150000
1 0.813542 0.462500 0.097917 0.150000
1 0.212500 0.763542 0.133333 0.177083
1 0.354167 0.763542 0.133333 0.177083
1 0.495833 0.763542 0.133333 0.177083
0 0.637500 0.763542 0.133333 0.177083
0 0.779167 0.763542 0.133333 0.177083