1 0.168403 0.143229 0.065972 0.116319
1 0.241319 0.143229 0.065972 0.116319
1 0.314236 0.143229 0.065972 0.116319
1 0.387153 0.143229 0.065972 0.116319
1 0.460069 0.143229 0.065972 0.116319
1 0.532986 0.143229 0.065972 0.116319
0 0.605903 0.143229 0.065972 0.116319
1 0.678819 0.143229 0.065972 0.116319
0 0.751736 0.143229 0.065972 0.116319
0 0.824653 0.143229 0.065972 0.116319
0 0.350694 0.410590 0.090278 0.133681
1 0.447917 0.410590 0.090278 0.133681
1 0.545139 0.410590 0.090278 0.133681
1 0.642361 0.410590 0.090278 0.133681
0 0.311632 0.697917 0.085069 0.156250
0 0.403646 0.697917 0.085069 0.156250
1 0.495660 0.697917 0.085069 0.156250
1 0.587674 0.697917 0.085069 0.156250
1 0.679688 0.697917 0.085069 0.156250