1 0.145833 0.158333 0.108333 0.175000
1 0.262500 0.158333 0.108333 0.175000
1 0.379167 0.158333 0.108333 0.175000
1 0.495833 0.158333 0.108333 0.175000
1 0.612500 0.158333 0.108333 0.175000
1 0.729167 0.158333 0.108333 0.175000
1 0.845833 0.158333 0.108333 0.175000
1 0.163542 0.481250 0.102083 0.158333
1 0.273958 0.481250 0.102083 0.158333
1 0.384375 0.481250 0.102083 0.158333
1 0.494792 0.481250 0.102083 0.158333
1 0.605208 0.481250 0.102083 0.158333
1 0.715625 0.481250 0.102083 0.158333
1 0.826042 0.481250 0.102083 0.158333
0 0.131250 0.797917 0.095833 0.162500
1 0.235417 0.797917 0.095833 0.162500
1 0.339583 0.797917 0.095833 0.162500
1 0.443750 0.797917 0.095833 0.162500
1 0.547917 0.797917 0.095833 0.162500
1 0.652083 0.797917 0.095833 0.162500
0 0.756250 0.797917 0.095833 0.162500
1 0.860417 0.797917 0.095833 0.162500