1 0.221875 0.090625 0.062500 0.115625
1 0.290625 0.090625 0.062500 0.115625
0 0.359375 0.090625 0.062500 0.115625
1 0.428125 0.090625 0.062500 0.115625
1 0.496875 0.090625 0.062500 0.115625
1 0.565625 0.090625 0.062500 0.115625
0 0.634375 0.090625 0.062500 0.115625
0 0.703125 0.090625 0.062500 0.115625
1 0.771875 0.090625 0.062500 0.115625
1 0.082031 0.365625 0.085938 0.125000
1 0.174219 0.365625 0.085938 0.125000
0 0.266406 0.365625 0.085938 0.125000
1 0.358594 0.365625 0.085938 0.125000
0 0.450781 0.365625 0.085938 0.125000
0 0.542969 0.365625 0.085938 0.125000
0 0.635156 0.365625 0.085938 0.125000
1 0.727344 0.365625 0.085938 0.125000
1 0.819531 0.365625 0.085938 0.125000
1 0.911719 0.365625 0.085938 0.125000
1 0.082031 0.647656 0.076563 0.129688
1 0.164844 0.647656 0.076563 0.129688
1 0.247656 0.647656 0.076563 0.129688
1 0.330469 0.647656 0.076563 0.129688
1 0.413281 0.647656 0.076563 0.129688
0 0.496094 0.647656 0.076563 0.129688
1 0.578906 0.647656 0.076563 0.129688
1 0.661719 0.647656 0.076563 0.129688
0 0.744531 0.647656 0.076563 0.129688
0 0.827344 0.647656 0.076563 0.129688
1 0.910156 0.647656 0.076563 0.129688