0 0.141827 0.182692 0.091346 0.197115
1 0.242788 0.182692 0.091346 0.197115
1 0.343750 0.182692 0.091346 0.197115
0 0.444712 0.182692 0.091346 0.197115
1 0.545673 0.182692 0.091346 0.197115
1 0.646635 0.182692 0.091346 0.197115
1 0.747596 0.182692 0.091346 0.197115
1 0.848558 0.182692 0.091346 0.197115
1 0.133413 0.575721 0.093750 0.161058
1 0.236779 0.575721 0.093750 0.161058
1 0.340144 0.575721 0.093750 0.161058
1 0.443510 0.575721 0.093750 0.161058
0 0.546875 0.575721 0.093750 0.161058
1 0.650240 0.575721 0.093750 0.161058
1 0.753606 0.575721 0.093750 0.161058
1 0.856971 0.575721 0.093750 0.161058