0 0.177083 0.060764 0.152778 0.052083
1 0.336806 0.060764 0.152778 0.052083
0 0.496528 0.060764 0.152778 0.052083
1 0.656250 0.060764 0.152778 0.052083
0 0.815972 0.060764 0.152778 0.052083
0 0.259549 0.281250 0.151042 0.052083
1 0.417535 0.281250 0.151042 0.052083
1 0.575521 0.281250 0.151042 0.052083
1 0.733507 0.281250 0.151042 0.052083
1 0.105035 0.506944 0.123264 0.062500
1 0.235243 0.506944 0.123264 0.062500
0 0.365451 0.506944 0.123264 0.062500
1 0.495660 0.506944 0.123264 0.062500
0 0.625868 0.506944 0.123264 0.062500
1 0.756076 0.506944 0.123264 0.062500
0 0.886285 0.506944 0.123264 0.062500