1 0.184570 0.166016 0.095703 0.152344
1 0.288086 0.166016 0.095703 0.152344
1 0.391602 0.166016 0.095703 0.152344
1 0.495117 0.166016 0.095703 0.152344
1 0.598633 0.166016 0.095703 0.152344
1 0.702148 0.166016 0.095703 0.152344
1 0.805664 0.166016 0.095703 0.152344
1 0.300781 0.482422 0.089844 0.152344
0 0.398438 0.482422 0.089844 0.152344
1 0.496094 0.482422 0.089844 0.152344
1 0.593750 0.482422 0.089844 0.152344
1 0.691406 0.482422 0.089844 0.152344
1 0.238281 0.809570 0.078125 0.173828
1 0.324219 0.809570 0.078125 0.173828
1 0.410156 0.809570 0.078125 0.173828
1 0.496094 0.809570 0.078125 0.173828
0 0.582031 0.809570 0.078125 0.173828
1 0.667969 0.809570 0.078125 0.173828
1 0.753906 0.809570 0.078125 0.173828