1 0.281250 0.138281 0.065625 0.139063
0 0.353125 0.138281 0.065625 0.139063
0 0.425000 0.138281 0.065625 0.139063
1 0.496875 0.138281 0.065625 0.139063
1 0.568750 0.138281 0.065625 0.139063
1 0.640625 0.138281 0.065625 0.139063
1 0.712500 0.138281 0.065625 0.139063
1 0.134375 0.381250 0.084375 0.140625
1 0.225000 0.381250 0.084375 0.140625
0 0.315625 0.381250 0.084375 0.140625
1 0.406250 0.381250 0.084375 0.140625
0 0.496875 0.381250 0.084375 0.140625
1 0.587500 0.381250 0.084375 0.140625
1 0.678125 0.381250 0.084375 0.140625
1 0.768750 0.381250 0.084375 0.140625
1 0.859375 0.381250 0.084375 0.140625
1 0.191406 0.628125 0.095312 0.146875
1 0.292969 0.628125 0.095312 0.146875
1 0.394531 0.628125 0.095312 0.146875
1 0.496094 0.628125 0.095312 0.146875
1 0.597656 0.628125 0.095312 0.146875
1 0.699219 0.628125 0.095312 0.146875
1 0.800781 0.628125 0.095312 0.146875