0 0.193576 0.105035 0.144097 0.074653
1 0.344618 0.105035 0.144097 0.074653
1 0.495660 0.105035 0.144097 0.074653
1 0.646701 0.105035 0.144097 0.074653
1 0.797743 0.105035 0.144097 0.074653
1 0.228299 0.348090 0.171875 0.078125
1 0.407118 0.348090 0.171875 0.078125
1 0.585938 0.348090 0.171875 0.078125
1 0.764757 0.348090 0.171875 0.078125
1 0.184028 0.592014 0.149306 0.076389
0 0.340278 0.592014 0.149306 0.076389
0 0.496528 0.592014 0.149306 0.076389
1 0.652778 0.592014 0.149306 0.076389
1 0.809028 0.592014 0.149306 0.076389