1 0.158854 0.072917 0.161458 0.052083
1 0.327257 0.072917 0.161458 0.052083
0 0.495660 0.072917 0.161458 0.052083
1 0.664062 0.072917 0.161458 0.052083
0 0.832465 0.072917 0.161458 0.052083
1 0.136285 0.236979 0.137153 0.067708
1 0.280382 0.236979 0.137153 0.067708
0 0.424479 0.236979 0.137153 0.067708
1 0.568576 0.236979 0.137153 0.067708
1 0.712674 0.236979 0.137153 0.067708
1 0.856771 0.236979 0.137153 0.067708
1 0.225694 0.402778 0.128472 0.055556
0 0.361111 0.402778 0.128472 0.055556
0 0.496528 0.402778 0.128472 0.055556
0 0.631944 0.402778 0.128472 0.055556
0 0.767361 0.402778 0.128472 0.055556
1 0.135417 0.565104 0.173611 0.060764
0 0.315972 0.565104 0.173611 0.060764
1 0.496528 0.565104 0.173611 0.060764
0 0.677083 0.565104 0.173611 0.060764
0 0.857639 0.565104 0.173611 0.060764