0 0.197266 0.100586 0.191406 0.072266
0 0.396484 0.100586 0.191406 0.072266
1 0.595703 0.100586 0.191406 0.072266
0 0.794922 0.100586 0.191406 0.072266
1 0.167969 0.317383 0.156250 0.068359
0 0.332031 0.317383 0.156250 0.068359
1 0.496094 0.317383 0.156250 0.068359
0 0.660156 0.317383 0.156250 0.068359
1 0.824219 0.317383 0.156250 0.068359
0 0.194336 0.535156 0.142578 0.074219
1 0.344727 0.535156 0.142578 0.074219
0 0.495117 0.535156 0.142578 0.074219
0 0.645508 0.535156 0.142578 0.074219
1 0.795898 0.535156 0.142578 0.074219