0 0.131944 0.101562 0.138889 0.078125
0 0.277778 0.101562 0.138889 0.078125
1 0.423611 0.101562 0.138889 0.078125
0 0.569444 0.101562 0.138889 0.078125
1 0.715278 0.101562 0.138889 0.078125
1 0.861111 0.101562 0.138889 0.078125
0 0.172743 0.317708 0.154514 0.076389
1 0.334201 0.317708 0.154514 0.076389
1 0.495660 0.317708 0.154514 0.076389
1 0.657118 0.317708 0.154514 0.076389
0 0.818576 0.317708 0.154514 0.076389
1 0.211806 0.533854 0.135417 0.078125
0 0.354167 0.533854 0.135417 0.078125
1 0.496528 0.533854 0.135417 0.078125
1 0.638889 0.533854 0.135417 0.078125
0 0.781250 0.533854 0.135417 0.078125
1 0.158854 0.750000 0.161458 0.076389
1 0.327257 0.750000 0.161458 0.076389
1 0.495660 0.750000 0.161458 0.076389
0 0.664062 0.750000 0.161458 0.076389
0 0.832465 0.750000 0.161458 0.076389