1 0.200195 0.088867 0.189453 0.080078
1 0.397461 0.088867 0.189453 0.080078
1 0.594727 0.088867 0.189453 0.080078
1 0.791992 0.088867 0.189453 0.080078
1 0.206055 0.330078 0.185547 0.058594
1 0.399414 0.330078 0.185547 0.058594
0 0.592773 0.330078 0.185547 0.058594
0 0.786133 0.330078 0.185547 0.058594
1 0.223633 0.562500 0.173828 0.062500
0 0.405273 0.562500 0.173828 0.062500
0 0.586914 0.562500 0.173828 0.062500
1 0.768555 0.562500 0.173828 0.062500
0 0.129883 0.794922 0.138672 0.058594
1 0.276367 0.794922 0.138672 0.058594
1 0.422852 0.794922 0.138672 0.058594
1 0.569336 0.794922 0.138672 0.058594
1 0.715820 0.794922 0.138672 0.058594
1 0.862305 0.794922 0.138672 0.058594