1 0.138021 0.146701 0.095486 0.161458
1 0.240451 0.146701 0.095486 0.161458
1 0.342882 0.146701 0.095486 0.161458
0 0.445312 0.146701 0.095486 0.161458
1 0.547743 0.146701 0.095486 0.161458
1 0.650174 0.146701 0.095486 0.161458
0 0.752604 0.146701 0.095486 0.161458
0 0.855035 0.146701 0.095486 0.161458
0 0.225694 0.452257 0.083333 0.123264
1 0.315972 0.452257 0.083333 0.123264
1 0.406250 0.452257 0.083333 0.123264
1 0.496528 0.452257 0.083333 0.123264
1 0.586806 0.452257 0.083333 0.123264
1 0.677083 0.452257 0.083333 0.123264
1 0.767361 0.452257 0.083333 0.123264
1 0.137153 0.743056 0.072917 0.131944
1 0.217014 0.743056 0.072917 0.131944
0 0.296875 0.743056 0.072917 0.131944
0 0.376736 0.743056 0.072917 0.131944
0 0.456597 0.743056 0.072917 0.131944
1 0.536458 0.743056 0.072917 0.131944
1 0.616319 0.743056 0.072917 0.131944
1 0.696181 0.743056 0.072917 0.131944
1 0.776042 0.743056 0.072917 0.131944
1 0.855903 0.743056 0.072917 0.131944