1 0.328125 0.100781 0.078125 0.123438
1 0.412500 0.100781 0.078125 0.123438
1 0.496875 0.100781 0.078125 0.123438
1 0.581250 0.100781 0.078125 0.123438
0 0.665625 0.100781 0.078125 0.123438
0 0.292969 0.342187 0.095312 0.156250
1 0.394531 0.342187 0.095312 0.156250
1 0.496094 0.342187 0.095312 0.156250
1 0.597656 0.342187 0.095312 0.156250
1 0.699219 0.342187 0.095312 0.156250
0 0.084375 0.576562 0.068750 0.109375
1 0.159375 0.576562 0.068750 0.109375
1 0.234375 0.576562 0.068750 0.109375
1 0.309375 0.576562 0.068750 0.109375
1 0.384375 0.576562 0.068750 0.109375
0 0.459375 0.576562 0.068750 0.109375
1 0.534375 0.576562 0.068750 0.109375
1 0.609375 0.576562 0.068750 0.109375
0 0.684375 0.576562 0.068750 0.109375
1 0.759375 0.576562 0.068750 0.109375
1 0.834375 0.576562 0.068750 0.109375
1 0.909375 0.576562 0.068750 0.109375
0 0.325000 0.793750 0.062500 0.121875
1 0.393750 0.793750 0.062500 0.121875
1 0.462500 0.793750 0.062500 0.121875
1 0.531250 0.793750 0.062500 0.121875
0 0.600000 0.793750 0.062500 0.121875
1 0.668750 0.793750 0.062500 0.121875