1 0.293750 0.135937 0.075000 0.143750
1 0.375000 0.135937 0.075000 0.143750
1 0.456250 0.135937 0.075000 0.143750
0 0.537500 0.135937 0.075000 0.143750
1 0.618750 0.135937 0.075000 0.143750
1 0.700000 0.135937 0.075000 0.143750
0 0.340625 0.366406 0.056250 0.104688
1 0.403125 0.366406 0.056250 0.104688
1 0.465625 0.366406 0.056250 0.104688
1 0.528125 0.366406 0.056250 0.104688
0 0.590625 0.366406 0.056250 0.104688
0 0.653125 0.366406 0.056250 0.104688
0 0.262500 0.597656 0.071875 0.145313
1 0.340625 0.597656 0.071875 0.145313
1 0.418750 0.597656 0.071875 0.145313
1 0.496875 0.597656 0.071875 0.145313
1 0.575000 0.597656 0.071875 0.145313
1 0.653125 0.597656 0.071875 0.145313
1 0.731250 0.597656 0.071875 0.145313