1 0.117188 0.109375 0.078125 0.112500
1 0.201563 0.109375 0.078125 0.112500
0 0.285938 0.109375 0.078125 0.112500
0 0.370312 0.109375 0.078125 0.112500
1 0.454688 0.109375 0.078125 0.112500
1 0.539062 0.109375 0.078125 0.112500
0 0.623437 0.109375 0.078125 0.112500
1 0.707812 0.109375 0.078125 0.112500
1 0.792188 0.109375 0.078125 0.112500
0 0.876563 0.109375 0.078125 0.112500
1 0.152344 0.371875 0.092188 0.150000
1 0.250781 0.371875 0.092188 0.150000
1 0.349219 0.371875 0.092188 0.150000
0 0.447656 0.371875 0.092188 0.150000
1 0.546094 0.371875 0.092188 0.150000
1 0.644531 0.371875 0.092188 0.150000
0 0.742969 0.371875 0.092188 0.150000
1 0.841406 0.371875 0.092188 0.150000
1 0.315625 0.630469 0.084375 0.104688
0 0.406250 0.630469 0.084375 0.104688
0 0.496875 0.630469 0.084375 0.104688
1 0.587500 0.630469 0.084375 0.104688
0 0.678125 0.630469 0.084375 0.104688
1 0.110156 0.875000 0.064062 0.121875
1 0.180469 0.875000 0.064062 0.121875
1 0.250781 0.875000 0.064062 0.121875
0 0.321094 0.875000 0.064062 0.121875
0 0.391406 0.875000 0.064062 0.121875
1 0.461719 0.875000 0.064062 0.121875
0 0.532031 0.875000 0.064062 0.121875
0 0.602344 0.875000 0.064062 0.121875
0 0.672656 0.875000 0.064062 0.121875
1 0.742969 0.875000 0.064062 0.121875
0 0.813281 0.875000 0.064062 0.121875
1 0.883594 0.875000 0.064062 0.121875