1 0.131250 0.141406 0.075000 0.148438
0 0.212500 0.141406 0.075000 0.148438
1 0.293750 0.141406 0.075000 0.148438
1 0.375000 0.141406 0.075000 0.148438
0 0.456250 0.141406 0.075000 0.148438
0 0.537500 0.141406 0.075000 0.148438
1 0.618750 0.141406 0.075000 0.148438
1 0.700000 0.141406 0.075000 0.148438
1 0.781250 0.141406 0.075000 0.148438
1 0.862500 0.141406 0.075000 0.148438
1 0.125000 0.421094 0.100000 0.135937
1 0.231250 0.421094 0.100000 0.135937
0 0.337500 0.421094 0.100000 0.135937
1 0.443750 0.421094 0.100000 0.135937
1 0.550000 0.421094 0.100000 0.135937
1 0.656250 0.421094 0.100000 0.135937
1 0.762500 0.421094 0.100000 0.135937
1 0.868750 0.421094 0.100000 0.135937
1 0.128906 0.689844 0.067187 0.126562
1 0.202344 0.689844 0.067187 0.126562
0 0.275781 0.689844 0.067187 0.126562
1 0.349219 0.689844 0.067187 0.126562
1 0.422656 0.689844 0.067187 0.126562
0 0.496094 0.689844 0.067187 0.126562
0 0.569531 0.689844 0.067187 0.126562
1 0.642969 0.689844 0.067187 0.126562
0 0.716406 0.689844 0.067187 0.126562
1 0.789844 0.689844 0.067187 0.126562
1 0.863281 0.689844 0.067187 0.126562