0 0.149414 0.159180 0.107422 0.173828
1 0.264648 0.159180 0.107422 0.173828
0 0.379883 0.159180 0.107422 0.173828
1 0.495117 0.159180 0.107422 0.173828
0 0.610352 0.159180 0.107422 0.173828
1 0.725586 0.159180 0.107422 0.173828
1 0.840820 0.159180 0.107422 0.173828
0 0.144531 0.469727 0.109375 0.154297
1 0.261719 0.469727 0.109375 0.154297
0 0.378906 0.469727 0.109375 0.154297
0 0.496094 0.469727 0.109375 0.154297
1 0.613281 0.469727 0.109375 0.154297
1 0.730469 0.469727 0.109375 0.154297
1 0.847656 0.469727 0.109375 0.154297
1 0.370117 0.775391 0.076172 0.164062
1 0.454102 0.775391 0.076172 0.164062
1 0.538086 0.775391 0.076172 0.164062
1 0.622070 0.775391 0.076172 0.164062