1 0.214844 0.096680 0.179688 0.087891
0 0.402344 0.096680 0.179688 0.087891
1 0.589844 0.096680 0.179688 0.087891
1 0.777344 0.096680 0.179688 0.087891
1 0.194336 0.335938 0.142578 0.074219
0 0.344727 0.335938 0.142578 0.074219
1 0.495117 0.335938 0.142578 0.074219
0 0.645508 0.335938 0.142578 0.074219
1 0.795898 0.335938 0.142578 0.074219
0 0.191406 0.560547 0.144531 0.058594
1 0.343750 0.560547 0.144531 0.058594
1 0.496094 0.560547 0.144531 0.058594
1 0.648438 0.560547 0.144531 0.058594
1 0.800781 0.560547 0.144531 0.058594