0 0.192969 0.080469 0.145313 0.060937
1 0.344531 0.080469 0.145313 0.060937
1 0.496094 0.080469 0.145313 0.060937
1 0.647656 0.080469 0.145313 0.060937
1 0.799219 0.080469 0.145313 0.060937
1 0.121875 0.295312 0.143750 0.059375
0 0.271875 0.295312 0.143750 0.059375
0 0.421875 0.295312 0.143750 0.059375
1 0.571875 0.295312 0.143750 0.059375
0 0.721875 0.295312 0.143750 0.059375
0 0.871875 0.295312 0.143750 0.059375
0 0.141406 0.506250 0.135937 0.053125
1 0.283594 0.506250 0.135937 0.053125
0 0.425781 0.506250 0.135937 0.053125
1 0.567969 0.506250 0.135937 0.053125
1 0.710156 0.506250 0.135937 0.053125
1 0.852344 0.506250 0.135937 0.053125
1 0.316406 0.713281 0.114062 0.051562
1 0.436719 0.713281 0.114062 0.051562
1 0.557031 0.713281 0.114062 0.051562
1 0.677344 0.713281 0.114062 0.051562