1 0.120117 0.118164 0.099609 0.142578
0 0.227539 0.118164 0.099609 0.142578
1 0.334961 0.118164 0.099609 0.142578
0 0.442383 0.118164 0.099609 0.142578
1 0.549805 0.118164 0.099609 0.142578
0 0.657227 0.118164 0.099609 0.142578
1 0.764648 0.118164 0.099609 0.142578
1 0.872070 0.118164 0.099609 0.142578
1 0.271484 0.431641 0.082031 0.148438
1 0.361328 0.431641 0.082031 0.148438
1 0.451172 0.431641 0.082031 0.148438
1 0.541016 0.431641 0.082031 0.148438
1 0.630859 0.431641 0.082031 0.148438
1 0.720703 0.431641 0.082031 0.148438
1 0.358398 0.762695 0.083984 0.177734
1 0.450195 0.762695 0.083984 0.177734
1 0.541992 0.762695 0.083984 0.177734
1 0.633789 0.762695 0.083984 0.177734