1 0.309028 0.125868 0.086806 0.171875
1 0.402778 0.125868 0.086806 0.171875
0 0.496528 0.125868 0.086806 0.171875
1 0.590278 0.125868 0.086806 0.171875
0 0.684028 0.125868 0.086806 0.171875
1 0.283854 0.385417 0.098958 0.135417
0 0.389757 0.385417 0.098958 0.135417
0 0.495660 0.385417 0.098958 0.135417
1 0.601562 0.385417 0.098958 0.135417
0 0.707465 0.385417 0.098958 0.135417
1 0.125868 0.629340 0.098958 0.140625
1 0.231771 0.629340 0.098958 0.140625
1 0.337674 0.629340 0.098958 0.140625
1 0.443576 0.629340 0.098958 0.140625
1 0.549479 0.629340 0.098958 0.140625
1 0.655382 0.629340 0.098958 0.140625
1 0.761285 0.629340 0.098958 0.140625
1 0.867188 0.629340 0.098958 0.140625