1 0.127930 0.142578 0.083984 0.183594
0 0.219727 0.142578 0.083984 0.183594
1 0.311523 0.142578 0.083984 0.183594
0 0.403320 0.142578 0.083984 0.183594
0 0.495117 0.142578 0.083984 0.183594
1 0.586914 0.142578 0.083984 0.183594
0 0.678711 0.142578 0.083984 0.183594
1 0.770508 0.142578 0.083984 0.183594
0 0.862305 0.142578 0.083984 0.183594
0 0.113281 0.502930 0.101562 0.173828
0 0.222656 0.502930 0.101562 0.173828
1 0.332031 0.502930 0.101562 0.173828
1 0.441406 0.502930 0.101562 0.173828
0 0.550781 0.502930 0.101562 0.173828
1 0.660156 0.502930 0.101562 0.173828
1 0.769531 0.502930 0.101562 0.173828
1 0.878906 0.502930 0.101562 0.173828
1 0.237305 0.848633 0.095703 0.154297
1 0.340820 0.848633 0.095703 0.154297
1 0.444336 0.848633 0.095703 0.154297
1 0.547852 0.848633 0.095703 0.154297
0 0.651367 0.848633 0.095703 0.154297
0 0.754883 0.848633 0.095703 0.154297