0 0.138542 0.155208 0.093750 0.172917
1 0.240625 0.155208 0.093750 0.172917
1 0.342708 0.155208 0.093750 0.172917
1 0.444792 0.155208 0.093750 0.172917
1 0.546875 0.155208 0.093750 0.172917
0 0.648958 0.155208 0.093750 0.172917
1 0.751042 0.155208 0.093750 0.172917
0 0.853125 0.155208 0.093750 0.172917
1 0.145833 0.479167 0.108333 0.158333
0 0.262500 0.479167 0.108333 0.158333
0 0.379167 0.479167 0.108333 0.158333
1 0.495833 0.479167 0.108333 0.158333
0 0.612500 0.479167 0.108333 0.158333
1 0.729167 0.479167 0.108333 0.158333
0 0.845833 0.479167 0.108333 0.158333
0 0.339583 0.805208 0.095833 0.177083
1 0.443750 0.805208 0.095833 0.177083
1 0.547917 0.805208 0.095833 0.177083
1 0.652083 0.805208 0.095833 0.177083