0 0.358333 0.133333 0.083333 0.183333
0 0.450000 0.133333 0.083333 0.183333
1 0.541667 0.133333 0.083333 0.183333
1 0.633333 0.133333 0.083333 0.183333
1 0.123958 0.431250 0.097917 0.150000
0 0.230208 0.431250 0.097917 0.150000
0 0.336458 0.431250 0.097917 0.150000
0 0.442708 0.431250 0.097917 0.150000
1 0.548958 0.431250 0.097917 0.150000
1 0.655208 0.431250 0.097917 0.150000
0 0.761458 0.431250 0.097917 0.150000
1 0.867708 0.431250 0.097917 0.150000
1 0.094792 0.715625 0.106250 0.156250
1 0.209375 0.715625 0.106250 0.156250
1 0.323958 0.715625 0.106250 0.156250
0 0.438542 0.715625 0.106250 0.156250
0 0.553125 0.715625 0.106250 0.156250
1 0.667708 0.715625 0.106250 0.156250
1 0.782292 0.715625 0.106250 0.156250
1 0.896875 0.715625 0.106250 0.156250