1 0.173828 0.166016 0.121094 0.191406
1 0.302734 0.166016 0.121094 0.191406
1 0.431641 0.166016 0.121094 0.191406
0 0.560547 0.166016 0.121094 0.191406
0 0.689453 0.166016 0.121094 0.191406
0 0.818359 0.166016 0.121094 0.191406
1 0.188477 0.481445 0.115234 0.181641
1 0.311523 0.481445 0.115234 0.181641
1 0.434570 0.481445 0.115234 0.181641
1 0.557617 0.481445 0.115234 0.181641
1 0.680664 0.481445 0.115234 0.181641
0 0.803711 0.481445 0.115234 0.181641
0 0.256836 0.775391 0.111328 0.148438
1 0.375977 0.775391 0.111328 0.148438
1 0.495117 0.775391 0.111328 0.148438
1 0.614258 0.775391 0.111328 0.148438
0 0.733398 0.775391 0.111328 0.148438