0 0.321094 0.089844 0.064062 0.104688
0 0.391406 0.089844 0.064062 0.104688
1 0.461719 0.089844 0.064062 0.104688
1 0.532031 0.089844 0.064062 0.104688
1 0.602344 0.089844 0.064062 0.104688
0 0.672656 0.089844 0.064062 0.104688
1 0.257031 0.303125 0.073438 0.121875
1 0.336719 0.303125 0.073438 0.121875
0 0.416406 0.303125 0.073438 0.121875
1 0.496094 0.303125 0.073438 0.121875
1 0.575781 0.303125 0.073438 0.121875
1 0.655469 0.303125 0.073438 0.121875
0 0.735156 0.303125 0.073438 0.121875
1 0.282031 0.520312 0.079687 0.112500
1 0.367969 0.520312 0.079687 0.112500
0 0.453906 0.520312 0.079687 0.112500
1 0.539844 0.520312 0.079687 0.112500
1 0.625781 0.520312 0.079687 0.112500
1 0.711719 0.520312 0.079687 0.112500
1 0.191406 0.738281 0.095312 0.123438
1 0.292969 0.738281 0.095312 0.123438
1 0.394531 0.738281 0.095312 0.123438
1 0.496094 0.738281 0.095312 0.123438
1 0.597656 0.738281 0.095312 0.123438
1 0.699219 0.738281 0.095312 0.123438
0 0.800781 0.738281 0.095312 0.123438