1 0.161719 0.136719 0.054688 0.139063
1 0.222656 0.136719 0.054688 0.139063
1 0.283594 0.136719 0.054688 0.139063
0 0.344531 0.136719 0.054688 0.139063
0 0.405469 0.136719 0.054688 0.139063
1 0.466406 0.136719 0.054688 0.139063
1 0.527344 0.136719 0.054688 0.139063
0 0.588281 0.136719 0.054688 0.139063
0 0.649219 0.136719 0.054688 0.139063
1 0.710156 0.136719 0.054688 0.139063
1 0.771094 0.136719 0.054688 0.139063
1 0.832031 0.136719 0.054688 0.139063
0 0.131250 0.420312 0.075000 0.131250
1 0.212500 0.420312 0.075000 0.131250
0 0.293750 0.420312 0.075000 0.131250
1 0.375000 0.420312 0.075000 0.131250
1 0.456250 0.420312 0.075000 0.131250
0 0.537500 0.420312 0.075000 0.131250
1 0.618750 0.420312 0.075000 0.131250
0 0.700000 0.420312 0.075000 0.131250
0 0.781250 0.420312 0.075000 0.131250
0 0.862500 0.420312 0.075000 0.131250
0 0.110156 0.700781 0.079687 0.132812
0 0.196094 0.700781 0.079687 0.132812
1 0.282031 0.700781 0.079687 0.132812
0 0.367969 0.700781 0.079687 0.132812
1 0.453906 0.700781 0.079687 0.132812
1 0.539844 0.700781 0.079687 0.132812
0 0.625781 0.700781 0.079687 0.132812
1 0.711719 0.700781 0.079687 0.132812
1 0.797656 0.700781 0.079687 0.132812
1 0.883594 0.700781 0.079687 0.132812