1 0.164663 0.139423 0.122596 0.177885
1 0.296875 0.139423 0.122596 0.177885
1 0.429087 0.139423 0.122596 0.177885
1 0.561298 0.139423 0.122596 0.177885
1 0.693510 0.139423 0.122596 0.177885
1 0.825721 0.139423 0.122596 0.177885
0 0.125000 0.481971 0.096154 0.209135
1 0.230769 0.481971 0.096154 0.209135
1 0.336538 0.481971 0.096154 0.209135
1 0.442308 0.481971 0.096154 0.209135
1 0.548077 0.481971 0.096154 0.209135
1 0.653846 0.481971 0.096154 0.209135
0 0.759615 0.481971 0.096154 0.209135
1 0.865385 0.481971 0.096154 0.209135
0 0.110577 0.813702 0.086538 0.156250
1 0.206731 0.813702 0.086538 0.156250
0 0.302885 0.813702 0.086538 0.156250
1 0.399038 0.813702 0.086538 0.156250
1 0.495192 0.813702 0.086538 0.156250
0 0.591346 0.813702 0.086538 0.156250
0 0.687500 0.813702 0.086538 0.156250
1 0.783654 0.813702 0.086538 0.156250
1 0.879808 0.813702 0.086538 0.156250