1 0.152083 0.140625 0.129167 0.177083
1 0.289583 0.140625 0.129167 0.177083
0 0.427083 0.140625 0.129167 0.177083
0 0.564583 0.140625 0.129167 0.177083
0 0.702083 0.140625 0.129167 0.177083
1 0.839583 0.140625 0.129167 0.177083
1 0.282292 0.504167 0.097917 0.175000
0 0.388542 0.504167 0.097917 0.175000
1 0.494792 0.504167 0.097917 0.175000
1 0.601042 0.504167 0.097917 0.175000
0 0.707292 0.504167 0.097917 0.175000
1 0.211458 0.846875 0.072917 0.135417
1 0.292708 0.846875 0.072917 0.135417
1 0.373958 0.846875 0.072917 0.135417
1 0.455208 0.846875 0.072917 0.135417
1 0.536458 0.846875 0.072917 0.135417
1 0.617708 0.846875 0.072917 0.135417
1 0.698958 0.846875 0.072917 0.135417
0 0.780208 0.846875 0.072917 0.135417