1 0.135417 0.154514 0.083333 0.170139
1 0.225694 0.154514 0.083333 0.170139
1 0.315972 0.154514 0.083333 0.170139
0 0.406250 0.154514 0.083333 0.170139
1 0.496528 0.154514 0.083333 0.170139
1 0.586806 0.154514 0.083333 0.170139
1 0.677083 0.154514 0.083333 0.170139
0 0.767361 0.154514 0.083333 0.170139
1 0.857639 0.154514 0.083333 0.170139
0 0.113715 0.409722 0.088542 0.121528
0 0.209201 0.409722 0.088542 0.121528
1 0.304688 0.409722 0.088542 0.121528
1 0.400174 0.409722 0.088542 0.121528
0 0.495660 0.409722 0.088542 0.121528
0 0.591146 0.409722 0.088542 0.121528
1 0.686632 0.409722 0.088542 0.121528
1 0.782118 0.409722 0.088542 0.121528
1 0.877604 0.409722 0.088542 0.121528
0 0.198785 0.657986 0.078125 0.156250
1 0.283854 0.657986 0.078125 0.156250
1 0.368924 0.657986 0.078125 0.156250
1 0.453993 0.657986 0.078125 0.156250
0 0.539062 0.657986 0.078125 0.156250
0 0.624132 0.657986 0.078125 0.156250
1 0.709201 0.657986 0.078125 0.156250
1 0.794271 0.657986 0.078125 0.156250