1 0.147461 0.141602 0.091797 0.162109
0 0.247070 0.141602 0.091797 0.162109
0 0.346680 0.141602 0.091797 0.162109
1 0.446289 0.141602 0.091797 0.162109
1 0.545898 0.141602 0.091797 0.162109
1 0.645508 0.141602 0.091797 0.162109
1 0.745117 0.141602 0.091797 0.162109
0 0.844727 0.141602 0.091797 0.162109
1 0.178711 0.425781 0.119141 0.156250
1 0.305664 0.425781 0.119141 0.156250
1 0.432617 0.425781 0.119141 0.156250
1 0.559570 0.425781 0.119141 0.156250
1 0.686523 0.425781 0.119141 0.156250
1 0.813477 0.425781 0.119141 0.156250
1 0.140625 0.709961 0.093750 0.162109
0 0.242188 0.709961 0.093750 0.162109
0 0.343750 0.709961 0.093750 0.162109
1 0.445312 0.709961 0.093750 0.162109
1 0.546875 0.709961 0.093750 0.162109
1 0.648438 0.709961 0.093750 0.162109
1 0.750000 0.709961 0.093750 0.162109
0 0.851562 0.709961 0.093750 0.162109