1 0.131250 0.144792 0.095833 0.147917
1 0.235417 0.144792 0.095833 0.147917
0 0.339583 0.144792 0.095833 0.147917
1 0.443750 0.144792 0.095833 0.147917
1 0.547917 0.144792 0.095833 0.147917
1 0.652083 0.144792 0.095833 0.147917
1 0.756250 0.144792 0.095833 0.147917
0 0.860417 0.144792 0.095833 0.147917
1 0.136458 0.484375 0.081250 0.185417
1 0.226042 0.484375 0.081250 0.185417
1 0.315625 0.484375 0.081250 0.185417
0 0.405208 0.484375 0.081250 0.185417
0 0.494792 0.484375 0.081250 0.185417
1 0.584375 0.484375 0.081250 0.185417
0 0.673958 0.484375 0.081250 0.185417
1 0.763542 0.484375 0.081250 0.185417
1 0.853125 0.484375 0.081250 0.185417