1 0.110156 0.103125 0.079687 0.109375
1 0.196094 0.103125 0.079687 0.109375
0 0.282031 0.103125 0.079687 0.109375
1 0.367969 0.103125 0.079687 0.109375
0 0.453906 0.103125 0.079687 0.109375
1 0.539844 0.103125 0.079687 0.109375
1 0.625781 0.103125 0.079687 0.109375
1 0.711719 0.103125 0.079687 0.109375
1 0.797656 0.103125 0.079687 0.109375
1 0.883594 0.103125 0.079687 0.109375
1 0.328906 0.312500 0.060937 0.115625
1 0.396094 0.312500 0.060937 0.115625
1 0.463281 0.312500 0.060937 0.115625
0 0.530469 0.312500 0.060937 0.115625
1 0.597656 0.312500 0.060937 0.115625
1 0.664844 0.312500 0.060937 0.115625