0 0.280273 0.165039 0.099609 0.185547
1 0.387695 0.165039 0.099609 0.185547
1 0.495117 0.165039 0.099609 0.185547
0 0.602539 0.165039 0.099609 0.185547
1 0.709961 0.165039 0.099609 0.185547
1 0.127930 0.507812 0.083984 0.183594
1 0.219727 0.507812 0.083984 0.183594
0 0.311523 0.507812 0.083984 0.183594
0 0.403320 0.507812 0.083984 0.183594
1 0.495117 0.507812 0.083984 0.183594
1 0.586914 0.507812 0.083984 0.183594
1 0.678711 0.507812 0.083984 0.183594
1 0.770508 0.507812 0.083984 0.183594
0 0.862305 0.507812 0.083984 0.183594