1 0.214844 0.157227 0.085938 0.150391
1 0.308594 0.157227 0.085938 0.150391
0 0.402344 0.157227 0.085938 0.150391
0 0.496094 0.157227 0.085938 0.150391
0 0.589844 0.157227 0.085938 0.150391
0 0.683594 0.157227 0.085938 0.150391
1 0.777344 0.157227 0.085938 0.150391
1 0.195312 0.454102 0.078125 0.158203
1 0.281250 0.454102 0.078125 0.158203
1 0.367188 0.454102 0.078125 0.158203
1 0.453125 0.454102 0.078125 0.158203
1 0.539062 0.454102 0.078125 0.158203
1 0.625000 0.454102 0.078125 0.158203
1 0.710938 0.454102 0.078125 0.158203
0 0.796875 0.454102 0.078125 0.158203
1 0.323242 0.757812 0.107422 0.164062
1 0.438477 0.757812 0.107422 0.164062
0 0.553711 0.757812 0.107422 0.164062
0 0.668945 0.757812 0.107422 0.164062