1 0.166667 0.105903 0.125000 0.062500
1 0.298611 0.105903 0.125000 0.062500
0 0.430556 0.105903 0.125000 0.062500
1 0.562500 0.105903 0.125000 0.062500
1 0.694444 0.105903 0.125000 0.062500
1 0.826389 0.105903 0.125000 0.062500
1 0.175347 0.334201 0.121528 0.064236
0 0.303819 0.334201 0.121528 0.064236
0 0.432292 0.334201 0.121528 0.064236
1 0.560764 0.334201 0.121528 0.064236
0 0.689236 0.334201 0.121528 0.064236
0 0.817708 0.334201 0.121528 0.064236
1 0.254340 0.558160 0.154514 0.053819
0 0.415799 0.558160 0.154514 0.053819
0 0.577257 0.558160 0.154514 0.053819
1 0.738715 0.558160 0.154514 0.053819
0 0.149306 0.784722 0.131944 0.069444
1 0.288194 0.784722 0.131944 0.069444
0 0.427083 0.784722 0.131944 0.069444
1 0.565972 0.784722 0.131944 0.069444
1 0.704861 0.784722 0.131944 0.069444
0 0.843750 0.784722 0.131944 0.069444