1 0.177083 0.097222 0.152778 0.062500
1 0.336806 0.097222 0.152778 0.062500
1 0.496528 0.097222 0.152778 0.062500
1 0.656250 0.097222 0.152778 0.062500
1 0.815972 0.097222 0.152778 0.062500
1 0.225694 0.325521 0.173611 0.074653
1 0.406250 0.325521 0.173611 0.074653
1 0.586806 0.325521 0.173611 0.074653
1 0.767361 0.325521 0.173611 0.074653
1 0.172743 0.552083 0.154514 0.059028
1 0.334201 0.552083 0.154514 0.059028
1 0.495660 0.552083 0.154514 0.059028
1 0.657118 0.552083 0.154514 0.059028
0 0.818576 0.552083 0.154514 0.059028