1 0.271484 0.153320 0.082031 0.146484
1 0.361328 0.153320 0.082031 0.146484
1 0.451172 0.153320 0.082031 0.146484
1 0.541016 0.153320 0.082031 0.146484
1 0.630859 0.153320 0.082031 0.146484
1 0.720703 0.153320 0.082031 0.146484
1 0.188477 0.461914 0.080078 0.169922
0 0.276367 0.461914 0.080078 0.169922
1 0.364258 0.461914 0.080078 0.169922
1 0.452148 0.461914 0.080078 0.169922
1 0.540039 0.461914 0.080078 0.169922
1 0.627930 0.461914 0.080078 0.169922
1 0.715820 0.461914 0.080078 0.169922
1 0.803711 0.461914 0.080078 0.169922
1 0.295898 0.769531 0.091797 0.144531
0 0.395508 0.769531 0.091797 0.144531
1 0.495117 0.769531 0.091797 0.144531
0 0.594727 0.769531 0.091797 0.144531
1 0.694336 0.769531 0.091797 0.144531