0 0.208984 0.141602 0.074219 0.142578
1 0.291016 0.141602 0.074219 0.142578
1 0.373047 0.141602 0.074219 0.142578
1 0.455078 0.141602 0.074219 0.142578
1 0.537109 0.141602 0.074219 0.142578
1 0.619141 0.141602 0.074219 0.142578
1 0.701172 0.141602 0.074219 0.142578
1 0.783203 0.141602 0.074219 0.142578
1 0.291016 0.455078 0.074219 0.132812
0 0.373047 0.455078 0.074219 0.132812
0 0.455078 0.455078 0.074219 0.132812
1 0.537109 0.455078 0.074219 0.132812
1 0.619141 0.455078 0.074219 0.132812
0 0.701172 0.455078 0.074219 0.132812
1 0.217773 0.784180 0.103516 0.173828
1 0.329102 0.784180 0.103516 0.173828
1 0.440430 0.784180 0.103516 0.173828
1 0.551758 0.784180 0.103516 0.173828
0 0.663086 0.784180 0.103516 0.173828
0 0.774414 0.784180 0.103516 0.173828