1 0.154297 0.149414 0.089844 0.150391
0 0.251953 0.149414 0.089844 0.150391
0 0.349609 0.149414 0.089844 0.150391
0 0.447266 0.149414 0.089844 0.150391
1 0.544922 0.149414 0.089844 0.150391
0 0.642578 0.149414 0.089844 0.150391
1 0.740234 0.149414 0.089844 0.150391
1 0.837891 0.149414 0.089844 0.150391
0 0.126953 0.486328 0.097656 0.152344
1 0.232422 0.486328 0.097656 0.152344
1 0.337891 0.486328 0.097656 0.152344
1 0.443359 0.486328 0.097656 0.152344
1 0.548828 0.486328 0.097656 0.152344
1 0.654297 0.486328 0.097656 0.152344
1 0.759766 0.486328 0.097656 0.152344
0 0.865234 0.486328 0.097656 0.152344
1 0.232422 0.827148 0.097656 0.158203
1 0.337891 0.827148 0.097656 0.158203
0 0.443359 0.827148 0.097656 0.158203
1 0.548828 0.827148 0.097656 0.158203
0 0.654297 0.827148 0.097656 0.158203
1 0.759766 0.827148 0.097656 0.158203