0 0.098090 0.130208 0.081597 0.152778
1 0.186632 0.130208 0.081597 0.152778
0 0.275174 0.130208 0.081597 0.152778
1 0.363715 0.130208 0.081597 0.152778
1 0.452257 0.130208 0.081597 0.152778
1 0.540799 0.130208 0.081597 0.152778
1 0.629340 0.130208 0.081597 0.152778
1 0.717882 0.130208 0.081597 0.152778
0 0.806424 0.130208 0.081597 0.152778
1 0.894965 0.130208 0.081597 0.152778
1 0.135417 0.406250 0.083333 0.149306
1 0.225694 0.406250 0.083333 0.149306
1 0.315972 0.406250 0.083333 0.149306
1 0.406250 0.406250 0.083333 0.149306
1 0.496528 0.406250 0.083333 0.149306
1 0.586806 0.406250 0.083333 0.149306
1 0.677083 0.406250 0.083333 0.149306
1 0.767361 0.406250 0.083333 0.149306
1 0.857639 0.406250 0.083333 0.149306
1 0.146701 0.677083 0.109375 0.142361
1 0.263021 0.677083 0.109375 0.142361
1 0.379340 0.677083 0.109375 0.142361
1 0.495660 0.677083 0.109375 0.142361
1 0.611979 0.677083 0.109375 0.142361
1 0.728299 0.677083 0.109375 0.142361
1 0.844618 0.677083 0.109375 0.142361