1 0.160417 0.189583 0.087500 0.204167
0 0.256250 0.189583 0.087500 0.204167
1 0.352083 0.189583 0.087500 0.204167
1 0.447917 0.189583 0.087500 0.204167
1 0.543750 0.189583 0.087500 0.204167
1 0.639583 0.189583 0.087500 0.204167
1 0.735417 0.189583 0.087500 0.204167
1 0.831250 0.189583 0.087500 0.204167
1 0.129167 0.536458 0.083333 0.185417
1 0.220833 0.536458 0.083333 0.185417
0 0.312500 0.536458 0.083333 0.185417
0 0.404167 0.536458 0.083333 0.185417
0 0.495833 0.536458 0.083333 0.185417
1 0.587500 0.536458 0.083333 0.185417
0 0.679167 0.536458 0.083333 0.185417
1 0.770833 0.536458 0.083333 0.185417
1 0.862500 0.536458 0.083333 0.185417