1 0.256836 0.185547 0.087891 0.179688
1 0.352539 0.185547 0.087891 0.179688
1 0.448242 0.185547 0.087891 0.179688
1 0.543945 0.185547 0.087891 0.179688
0 0.639648 0.185547 0.087891 0.179688
1 0.735352 0.185547 0.087891 0.179688
0 0.334961 0.478516 0.099609 0.160156
1 0.442383 0.478516 0.099609 0.160156
1 0.549805 0.478516 0.099609 0.160156
1 0.657227 0.478516 0.099609 0.160156
1 0.135742 0.755859 0.072266 0.148438
1 0.215820 0.755859 0.072266 0.148438
1 0.295898 0.755859 0.072266 0.148438
0 0.375977 0.755859 0.072266 0.148438
1 0.456055 0.755859 0.072266 0.148438
0 0.536133 0.755859 0.072266 0.148438
0 0.616211 0.755859 0.072266 0.148438
1 0.696289 0.755859 0.072266 0.148438
1 0.776367 0.755859 0.072266 0.148438
1 0.856445 0.755859 0.072266 0.148438