0 0.152344 0.089063 0.079687 0.109375
1 0.238281 0.089063 0.079687 0.109375
0 0.324219 0.089063 0.079687 0.109375
0 0.410156 0.089063 0.079687 0.109375
1 0.496094 0.089063 0.079687 0.109375
0 0.582031 0.089063 0.079687 0.109375
1 0.667969 0.089063 0.079687 0.109375
0 0.753906 0.089063 0.079687 0.109375
1 0.839844 0.089063 0.079687 0.109375
1 0.235156 0.341406 0.098437 0.139063
0 0.339844 0.341406 0.098437 0.139063
1 0.444531 0.341406 0.098437 0.139063
1 0.549219 0.341406 0.098437 0.139063
1 0.653906 0.341406 0.098437 0.139063
0 0.758594 0.341406 0.098437 0.139063
1 0.130469 0.613281 0.098437 0.148438
1 0.235156 0.613281 0.098437 0.148438
0 0.339844 0.613281 0.098437 0.148438
1 0.444531 0.613281 0.098437 0.148438
1 0.549219 0.613281 0.098437 0.148438
1 0.653906 0.613281 0.098437 0.148438
0 0.758594 0.613281 0.098437 0.148438
1 0.863281 0.613281 0.098437 0.148438
0 0.096094 0.874219 0.082812 0.117188
1 0.185156 0.874219 0.082812 0.117188
1 0.274219 0.874219 0.082812 0.117188
1 0.363281 0.874219 0.082812 0.117188
0 0.452344 0.874219 0.082812 0.117188
0 0.541406 0.874219 0.082812 0.117188
0 0.630469 0.874219 0.082812 0.117188
1 0.719531 0.874219 0.082812 0.117188
0 0.808594 0.874219 0.082812 0.117188
1 0.897656 0.874219 0.082812 0.117188