0 0.117188 0.116406 0.078125 0.117188
1 0.201563 0.116406 0.078125 0.117188
0 0.285938 0.116406 0.078125 0.117188
1 0.370312 0.116406 0.078125 0.117188
1 0.454688 0.116406 0.078125 0.117188
1 0.539062 0.116406 0.078125 0.117188
1 0.623437 0.116406 0.078125 0.117188
1 0.707812 0.116406 0.078125 0.117188
1 0.792188 0.116406 0.078125 0.117188
1 0.876563 0.116406 0.078125 0.117188
1 0.139844 0.390625 0.082812 0.118750
1 0.228906 0.390625 0.082812 0.118750
1 0.317969 0.390625 0.082812 0.118750
1 0.407031 0.390625 0.082812 0.118750
0 0.496094 0.390625 0.082812 0.118750
1 0.585156 0.390625 0.082812 0.118750
1 0.674219 0.390625 0.082812 0.118750
0 0.763281 0.390625 0.082812 0.118750
1 0.852344 0.390625 0.082812 0.118750
1 0.254688 0.675781 0.090625 0.139063
0 0.351562 0.675781 0.090625 0.139063
1 0.448437 0.675781 0.090625 0.139063
0 0.545312 0.675781 0.090625 0.139063
1 0.642188 0.675781 0.090625 0.139063
1 0.739062 0.675781 0.090625 0.139063