1 0.119792 0.134375 0.085417 0.156250
1 0.213542 0.134375 0.085417 0.156250
1 0.307292 0.134375 0.085417 0.156250
0 0.401042 0.134375 0.085417 0.156250
1 0.494792 0.134375 0.085417 0.156250
0 0.588542 0.134375 0.085417 0.156250
1 0.682292 0.134375 0.085417 0.156250
1 0.776042 0.134375 0.085417 0.156250
0 0.869792 0.134375 0.085417 0.156250
1 0.146875 0.443750 0.131250 0.170833
1 0.286458 0.443750 0.131250 0.170833
1 0.426042 0.443750 0.131250 0.170833
1 0.565625 0.443750 0.131250 0.170833
1 0.705208 0.443750 0.131250 0.170833
1 0.844792 0.443750 0.131250 0.170833
1 0.317708 0.752083 0.110417 0.154167
1 0.436458 0.752083 0.110417 0.154167
1 0.555208 0.752083 0.110417 0.154167
1 0.673958 0.752083 0.110417 0.154167