1 0.303906 0.102344 0.057813 0.129688
0 0.367969 0.102344 0.057813 0.129688
1 0.432031 0.102344 0.057813 0.129688
0 0.496094 0.102344 0.057813 0.129688
1 0.560156 0.102344 0.057813 0.129688
0 0.624219 0.102344 0.057813 0.129688
1 0.688281 0.102344 0.057813 0.129688
0 0.189844 0.340625 0.070312 0.118750
1 0.266406 0.340625 0.070312 0.118750
1 0.342969 0.340625 0.070312 0.118750
1 0.419531 0.340625 0.070312 0.118750
0 0.496094 0.340625 0.070312 0.118750
1 0.572656 0.340625 0.070312 0.118750
0 0.649219 0.340625 0.070312 0.118750
1 0.725781 0.340625 0.070312 0.118750
1 0.802344 0.340625 0.070312 0.118750
0 0.332813 0.575000 0.059375 0.121875
0 0.398438 0.575000 0.059375 0.121875
0 0.464062 0.575000 0.059375 0.121875
1 0.529687 0.575000 0.059375 0.121875
1 0.595313 0.575000 0.059375 0.121875
0 0.660937 0.575000 0.059375 0.121875
1 0.113281 0.807031 0.070312 0.114062
1 0.189844 0.807031 0.070312 0.114062
0 0.266406 0.807031 0.070312 0.114062
0 0.342969 0.807031 0.070312 0.114062
0 0.419531 0.807031 0.070312 0.114062
1 0.496094 0.807031 0.070312 0.114062
0 0.572656 0.807031 0.070312 0.114062
1 0.649219 0.807031 0.070312 0.114062
1 0.725781 0.807031 0.070312 0.114062
1 0.802344 0.807031 0.070312 0.114062
0 0.878906 0.807031 0.070312 0.114062