0 0.183333 0.165625 0.095833 0.152083
1 0.287500 0.165625 0.095833 0.152083
1 0.391667 0.165625 0.095833 0.152083
0 0.495833 0.165625 0.095833 0.152083
1 0.600000 0.165625 0.095833 0.152083
1 0.704167 0.165625 0.095833 0.152083
1 0.808333 0.165625 0.095833 0.152083
0 0.163542 0.473958 0.102083 0.143750
1 0.273958 0.473958 0.102083 0.143750
0 0.384375 0.473958 0.102083 0.143750
1 0.494792 0.473958 0.102083 0.143750
1 0.605208 0.473958 0.102083 0.143750
0 0.715625 0.473958 0.102083 0.143750
0 0.826042 0.473958 0.102083 0.143750
1 0.245833 0.789583 0.075000 0.166667
1 0.329167 0.789583 0.075000 0.166667
0 0.412500 0.789583 0.075000 0.166667
1 0.495833 0.789583 0.075000 0.166667
1 0.579167 0.789583 0.075000 0.166667
1 0.662500 0.789583 0.075000 0.166667
1 0.745833 0.789583 0.075000 0.166667