1 0.168750 0.090625 0.059375 0.112500
0 0.234375 0.090625 0.059375 0.112500
0 0.300000 0.090625 0.059375 0.112500
1 0.365625 0.090625 0.059375 0.112500
1 0.431250 0.090625 0.059375 0.112500
1 0.496875 0.090625 0.059375 0.112500
1 0.562500 0.090625 0.059375 0.112500
1 0.628125 0.090625 0.059375 0.112500
1 0.693750 0.090625 0.059375 0.112500
1 0.759375 0.090625 0.059375 0.112500
0 0.825000 0.090625 0.059375 0.112500
1 0.089063 0.340625 0.084375 0.125000
1 0.179688 0.340625 0.084375 0.125000
1 0.270313 0.340625 0.084375 0.125000
1 0.360938 0.340625 0.084375 0.125000
1 0.451562 0.340625 0.084375 0.125000
1 0.542188 0.340625 0.084375 0.125000
0 0.632812 0.340625 0.084375 0.125000
0 0.723437 0.340625 0.084375 0.125000
0 0.814063 0.340625 0.084375 0.125000
1 0.904687 0.340625 0.084375 0.125000
1 0.315625 0.594531 0.084375 0.120313
1 0.406250 0.594531 0.084375 0.120313
1 0.496875 0.594531 0.084375 0.120313
1 0.587500 0.594531 0.084375 0.120313
1 0.678125 0.594531 0.084375 0.120313
0 0.285156 0.856250 0.064062 0.140625
1 0.355469 0.856250 0.064062 0.140625
0 0.425781 0.856250 0.064062 0.140625
0 0.496094 0.856250 0.064062 0.140625
1 0.566406 0.856250 0.064062 0.140625
1 0.636719 0.856250 0.064062 0.140625
1 0.707031 0.856250 0.064062 0.140625