0 0.251042 0.133333 0.089583 0.150000
0 0.348958 0.133333 0.089583 0.150000
1 0.446875 0.133333 0.089583 0.150000
0 0.544792 0.133333 0.089583 0.150000
1 0.642708 0.133333 0.089583 0.150000
1 0.740625 0.133333 0.089583 0.150000
0 0.146875 0.479167 0.131250 0.204167
1 0.286458 0.479167 0.131250 0.204167
1 0.426042 0.479167 0.131250 0.204167
1 0.565625 0.479167 0.131250 0.204167
1 0.705208 0.479167 0.131250 0.204167
1 0.844792 0.479167 0.131250 0.204167
1 0.175000 0.823958 0.083333 0.147917
1 0.266667 0.823958 0.083333 0.147917
1 0.358333 0.823958 0.083333 0.147917
0 0.450000 0.823958 0.083333 0.147917
1 0.541667 0.823958 0.083333 0.147917
1 0.633333 0.823958 0.083333 0.147917
1 0.725000 0.823958 0.083333 0.147917
1 0.816667 0.823958 0.083333 0.147917