1 0.192708 0.134549 0.079861 0.154514
1 0.279514 0.134549 0.079861 0.154514
1 0.366319 0.134549 0.079861 0.154514
0 0.453125 0.134549 0.079861 0.154514
0 0.539931 0.134549 0.079861 0.154514
0 0.626736 0.134549 0.079861 0.154514
0 0.713542 0.134549 0.079861 0.154514
1 0.800347 0.134549 0.079861 0.154514
0 0.121528 0.381944 0.086806 0.121528
1 0.215278 0.381944 0.086806 0.121528
0 0.309028 0.381944 0.086806 0.121528
1 0.402778 0.381944 0.086806 0.121528
1 0.496528 0.381944 0.086806 0.121528
1 0.590278 0.381944 0.086806 0.121528
1 0.684028 0.381944 0.086806 0.121528
1 0.777778 0.381944 0.086806 0.121528
1 0.871528 0.381944 0.086806 0.121528
1 0.240451 0.608507 0.078125 0.112847
1 0.325521 0.608507 0.078125 0.112847
1 0.410590 0.608507 0.078125 0.112847
1 0.495660 0.608507 0.078125 0.112847
1 0.580729 0.608507 0.078125 0.112847
1 0.665799 0.608507 0.078125 0.112847
0 0.750868 0.608507 0.078125 0.112847
0 0.229167 0.849826 0.069444 0.151042
1 0.305556 0.849826 0.069444 0.151042
1 0.381944 0.849826 0.069444 0.151042
1 0.458333 0.849826 0.069444 0.151042
0 0.534722 0.849826 0.069444 0.151042
1 0.611111 0.849826 0.069444 0.151042
1 0.687500 0.849826 0.069444 0.151042
1 0.763889 0.849826 0.069444 0.151042