1 0.288194 0.138889 0.076389 0.152778
1 0.371528 0.138889 0.076389 0.152778
0 0.454861 0.138889 0.076389 0.152778
1 0.538194 0.138889 0.076389 0.152778
0 0.621528 0.138889 0.076389 0.152778
1 0.704861 0.138889 0.076389 0.152778
1 0.282118 0.396701 0.064236 0.140625
1 0.353299 0.396701 0.064236 0.140625
0 0.424479 0.396701 0.064236 0.140625
0 0.495660 0.396701 0.064236 0.140625
1 0.566840 0.396701 0.064236 0.140625
1 0.638021 0.396701 0.064236 0.140625
0 0.709201 0.396701 0.064236 0.140625
1 0.168403 0.635417 0.065972 0.114583
1 0.241319 0.635417 0.065972 0.114583
0 0.314236 0.635417 0.065972 0.114583
1 0.387153 0.635417 0.065972 0.114583
1 0.460069 0.635417 0.065972 0.114583
0 0.532986 0.635417 0.065972 0.114583
1 0.605903 0.635417 0.065972 0.114583
0 0.678819 0.635417 0.065972 0.114583
1 0.751736 0.635417 0.065972 0.114583
1 0.824653 0.635417 0.065972 0.114583