1 0.158854 0.082465 0.161458 0.067708
1 0.327257 0.082465 0.161458 0.067708
1 0.495660 0.082465 0.161458 0.067708
1 0.664062 0.082465 0.161458 0.067708
1 0.832465 0.082465 0.161458 0.067708
1 0.166667 0.295139 0.125000 0.055556
1 0.298611 0.295139 0.125000 0.055556
1 0.430556 0.295139 0.125000 0.055556
1 0.562500 0.295139 0.125000 0.055556
1 0.694444 0.295139 0.125000 0.055556
0 0.826389 0.295139 0.125000 0.055556
1 0.123264 0.507812 0.142361 0.067708
1 0.272569 0.507812 0.142361 0.067708
0 0.421875 0.507812 0.142361 0.067708
1 0.571181 0.507812 0.142361 0.067708
1 0.720486 0.507812 0.142361 0.067708
1 0.869792 0.507812 0.142361 0.067708