0 0.276910 0.140625 0.102431 0.135417
1 0.386285 0.140625 0.102431 0.135417
0 0.495660 0.140625 0.102431 0.135417
0 0.605035 0.140625 0.102431 0.135417
1 0.714410 0.140625 0.102431 0.135417
1 0.127604 0.426215 0.085069 0.157986
1 0.219618 0.426215 0.085069 0.157986
1 0.311632 0.426215 0.085069 0.157986
1 0.403646 0.426215 0.085069 0.157986
1 0.495660 0.426215 0.085069 0.157986
0 0.587674 0.426215 0.085069 0.157986
0 0.679688 0.426215 0.085069 0.157986
1 0.771701 0.426215 0.085069 0.157986
1 0.863715 0.426215 0.085069 0.157986
1 0.144097 0.704861 0.093750 0.121528
1 0.244792 0.704861 0.093750 0.121528
1 0.345486 0.704861 0.093750 0.121528
0 0.446181 0.704861 0.093750 0.121528
0 0.546875 0.704861 0.093750 0.121528
0 0.647569 0.704861 0.093750 0.121528
0 0.748264 0.704861 0.093750 0.121528
1 0.848958 0.704861 0.093750 0.121528