1 0.199219 0.079687 0.142187 0.065625
1 0.347656 0.079687 0.142187 0.065625
0 0.496094 0.079687 0.142187 0.065625
1 0.644531 0.079687 0.142187 0.065625
1 0.792969 0.079687 0.142187 0.065625
1 0.255469 0.282813 0.114062 0.059375
1 0.375781 0.282813 0.114062 0.059375
1 0.496094 0.282813 0.114062 0.059375
1 0.616406 0.282813 0.114062 0.059375
1 0.736719 0.282813 0.114062 0.059375
0 0.178125 0.485156 0.153125 0.064062
1 0.337500 0.485156 0.153125 0.064062
0 0.496875 0.485156 0.153125 0.064062
0 0.656250 0.485156 0.153125 0.064062
1 0.815625 0.485156 0.153125 0.064062
1 0.153125 0.692187 0.131250 0.068750
0 0.290625 0.692187 0.131250 0.068750
1 0.428125 0.692187 0.131250 0.068750
1 0.565625 0.692187 0.131250 0.068750
1 0.703125 0.692187 0.131250 0.068750
1 0.840625 0.692187 0.131250 0.068750