0 0.135417 0.125000 0.083333 0.128472
0 0.225694 0.125000 0.083333 0.128472
0 0.315972 0.125000 0.083333 0.128472
1 0.406250 0.125000 0.083333 0.128472
1 0.496528 0.125000 0.083333 0.128472
0 0.586806 0.125000 0.083333 0.128472
1 0.677083 0.125000 0.083333 0.128472
0 0.767361 0.125000 0.083333 0.128472
1 0.857639 0.125000 0.083333 0.128472
1 0.105903 0.393229 0.079861 0.154514
1 0.192708 0.393229 0.079861 0.154514
1 0.279514 0.393229 0.079861 0.154514
1 0.366319 0.393229 0.079861 0.154514
0 0.453125 0.393229 0.079861 0.154514
0 0.539931 0.393229 0.079861 0.154514
1 0.626736 0.393229 0.079861 0.154514
1 0.713542 0.393229 0.079861 0.154514
1 0.800347 0.393229 0.079861 0.154514
1 0.887153 0.393229 0.079861 0.154514
0 0.290799 0.659722 0.095486 0.125000
0 0.393229 0.659722 0.095486 0.125000
1 0.495660 0.659722 0.095486 0.125000
0 0.598090 0.659722 0.095486 0.125000
1 0.700521 0.659722 0.095486 0.125000