0 0.159375 0.123438 0.078125 0.153125
0 0.243750 0.123438 0.078125 0.153125
1 0.328125 0.123438 0.078125 0.153125
0 0.412500 0.123438 0.078125 0.153125
1 0.496875 0.123438 0.078125 0.153125
1 0.581250 0.123438 0.078125 0.153125
1 0.665625 0.123438 0.078125 0.153125
1 0.750000 0.123438 0.078125 0.153125
0 0.834375 0.123438 0.078125 0.153125
1 0.114844 0.388281 0.089063 0.151562
1 0.210156 0.388281 0.089063 0.151562
1 0.305469 0.388281 0.089063 0.151562
1 0.400781 0.388281 0.089063 0.151562
1 0.496094 0.388281 0.089063 0.151562
1 0.591406 0.388281 0.089063 0.151562
1 0.686719 0.388281 0.089063 0.151562
0 0.782031 0.388281 0.089063 0.151562
1 0.877344 0.388281 0.089063 0.151562
1 0.118750 0.651563 0.062500 0.150000
1 0.187500 0.651563 0.062500 0.150000
0 0.256250 0.651563 0.062500 0.150000
1 0.325000 0.651563 0.062500 0.150000
1 0.393750 0.651563 0.062500 0.150000
0 0.462500 0.651563 0.062500 0.150000
1 0.531250 0.651563 0.062500 0.150000
0 0.600000 0.651563 0.062500 0.150000
1 0.668750 0.651563 0.062500 0.150000
1 0.737500 0.651563 0.062500 0.150000
1 0.806250 0.651563 0.062500 0.150000
1 0.875000 0.651563 0.062500 0.150000