1 0.320833 0.130208 0.108333 0.152083
1 0.437500 0.130208 0.108333 0.152083
0 0.554167 0.130208 0.108333 0.152083
1 0.670833 0.130208 0.108333 0.152083
1 0.240625 0.416667 0.093750 0.150000
1 0.342708 0.416667 0.093750 0.150000
1 0.444792 0.416667 0.093750 0.150000
1 0.546875 0.416667 0.093750 0.150000
1 0.648958 0.416667 0.093750 0.150000
0 0.751042 0.416667 0.093750 0.150000
1 0.129167 0.713542 0.083333 0.172917
0 0.220833 0.713542 0.083333 0.172917
1 0.312500 0.713542 0.083333 0.172917
1 0.404167 0.713542 0.083333 0.172917
1 0.495833 0.713542 0.083333 0.172917
1 0.587500 0.713542 0.083333 0.172917
1 0.679167 0.713542 0.083333 0.172917
0 0.770833 0.713542 0.083333 0.172917
1 0.862500 0.713542 0.083333 0.172917