1 0.181641 0.178711 0.082031 0.162109
0 0.271484 0.178711 0.082031 0.162109
0 0.361328 0.178711 0.082031 0.162109
1 0.451172 0.178711 0.082031 0.162109
0 0.541016 0.178711 0.082031 0.162109
1 0.630859 0.178711 0.082031 0.162109
1 0.720703 0.178711 0.082031 0.162109
1 0.810547 0.178711 0.082031 0.162109
1 0.214844 0.474609 0.085938 0.187500
1 0.308594 0.474609 0.085938 0.187500
1 0.402344 0.474609 0.085938 0.187500
1 0.496094 0.474609 0.085938 0.187500
1 0.589844 0.474609 0.085938 0.187500
1 0.683594 0.474609 0.085938 0.187500
1 0.777344 0.474609 0.085938 0.187500
1 0.188477 0.779297 0.115234 0.179688
1 0.311523 0.779297 0.115234 0.179688
1 0.434570 0.779297 0.115234 0.179688
1 0.557617 0.779297 0.115234 0.179688
1 0.680664 0.779297 0.115234 0.179688
1 0.803711 0.779297 0.115234 0.179688