1 0.330208 0.137500 0.102083 0.179167
0 0.440625 0.137500 0.102083 0.179167
1 0.551042 0.137500 0.102083 0.179167
0 0.661458 0.137500 0.102083 0.179167
1 0.248958 0.501042 0.114583 0.185417
0 0.371875 0.501042 0.114583 0.185417
1 0.494792 0.501042 0.114583 0.185417
1 0.617708 0.501042 0.114583 0.185417
0 0.740625 0.501042 0.114583 0.185417
1 0.138542 0.854167 0.110417 0.158333
0 0.257292 0.854167 0.110417 0.158333
1 0.376042 0.854167 0.110417 0.158333
1 0.494792 0.854167 0.110417 0.158333
0 0.613542 0.854167 0.110417 0.158333
1 0.732292 0.854167 0.110417 0.158333
1 0.851042 0.854167 0.110417 0.158333