1 0.157118 0.130208 0.105903 0.128472
1 0.269965 0.130208 0.105903 0.128472
1 0.382812 0.130208 0.105903 0.128472
1 0.495660 0.130208 0.105903 0.128472
0 0.608507 0.130208 0.105903 0.128472
0 0.721354 0.130208 0.105903 0.128472
1 0.834201 0.130208 0.105903 0.128472
1 0.253472 0.392361 0.090278 0.131944
0 0.350694 0.392361 0.090278 0.131944
1 0.447917 0.392361 0.090278 0.131944
1 0.545139 0.392361 0.090278 0.131944
1 0.642361 0.392361 0.090278 0.131944
0 0.739583 0.392361 0.090278 0.131944
0 0.190972 0.661458 0.069444 0.142361
0 0.267361 0.661458 0.069444 0.142361
0 0.343750 0.661458 0.069444 0.142361
1 0.420139 0.661458 0.069444 0.142361
1 0.496528 0.661458 0.069444 0.142361
0 0.572917 0.661458 0.069444 0.142361
1 0.649306 0.661458 0.069444 0.142361
1 0.725694 0.661458 0.069444 0.142361
1 0.802083 0.661458 0.069444 0.142361