1 0.280382 0.067708 0.137153 0.052083
1 0.424479 0.067708 0.137153 0.052083
1 0.568576 0.067708 0.137153 0.052083
1 0.712674 0.067708 0.137153 0.052083
1 0.149306 0.244792 0.131944 0.062500
1 0.288194 0.244792 0.131944 0.062500
1 0.427083 0.244792 0.131944 0.062500
0 0.565972 0.244792 0.131944 0.062500
0 0.704861 0.244792 0.131944 0.062500
0 0.843750 0.244792 0.131944 0.062500
1 0.162326 0.432292 0.126736 0.072917
1 0.296007 0.432292 0.126736 0.072917
0 0.429688 0.432292 0.126736 0.072917
1 0.563368 0.432292 0.126736 0.072917
1 0.697049 0.432292 0.126736 0.072917
0 0.830729 0.432292 0.126736 0.072917
1 0.262153 0.627604 0.149306 0.078125
1 0.418403 0.627604 0.149306 0.078125
1 0.574653 0.627604 0.149306 0.078125
1 0.730903 0.627604 0.149306 0.078125
1 0.138021 0.821181 0.171875 0.069444
1 0.316840 0.821181 0.171875 0.069444
0 0.495660 0.821181 0.171875 0.069444
0 0.674479 0.821181 0.171875 0.069444
0 0.853299 0.821181 0.171875 0.069444