0 0.301215 0.157118 0.071181 0.157986
1 0.379340 0.157118 0.071181 0.157986
1 0.457465 0.157118 0.071181 0.157986
1 0.535590 0.157118 0.071181 0.157986
1 0.613715 0.157118 0.071181 0.157986
1 0.691840 0.157118 0.071181 0.157986
1 0.144097 0.451389 0.093750 0.159722
1 0.244792 0.451389 0.093750 0.159722
0 0.345486 0.451389 0.093750 0.159722
1 0.446181 0.451389 0.093750 0.159722
0 0.546875 0.451389 0.093750 0.159722
1 0.647569 0.451389 0.093750 0.159722
1 0.748264 0.451389 0.093750 0.159722
1 0.848958 0.451389 0.093750 0.159722
1 0.283854 0.743056 0.098958 0.152778
1 0.389757 0.743056 0.098958 0.152778
1 0.495660 0.743056 0.098958 0.152778
1 0.601562 0.743056 0.098958 0.152778
0 0.707465 0.743056 0.098958 0.152778