1 0.119792 0.132292 0.085417 0.168750
1 0.213542 0.132292 0.085417 0.168750
0 0.307292 0.132292 0.085417 0.168750
0 0.401042 0.132292 0.085417 0.168750
1 0.494792 0.132292 0.085417 0.168750
0 0.588542 0.132292 0.085417 0.168750
0 0.682292 0.132292 0.085417 0.168750
0 0.776042 0.132292 0.085417 0.168750
0 0.869792 0.132292 0.085417 0.168750
0 0.133333 0.456250 0.112500 0.166667
1 0.254167 0.456250 0.112500 0.166667
0 0.375000 0.456250 0.112500 0.166667
1 0.495833 0.456250 0.112500 0.166667
1 0.616667 0.456250 0.112500 0.166667
0 0.737500 0.456250 0.112500 0.166667
0 0.858333 0.456250 0.112500 0.166667
0 0.265625 0.763542 0.106250 0.135417
1 0.380208 0.763542 0.106250 0.135417
1 0.494792 0.763542 0.106250 0.135417
1 0.609375 0.763542 0.106250 0.135417
1 0.723958 0.763542 0.106250 0.135417