1 0.295139 0.098090 0.093750 0.123264
1 0.395833 0.098090 0.093750 0.123264
0 0.496528 0.098090 0.093750 0.123264
0 0.597222 0.098090 0.093750 0.123264
1 0.697917 0.098090 0.093750 0.123264
1 0.090278 0.393229 0.083333 0.161458
1 0.180556 0.393229 0.083333 0.161458
1 0.270833 0.393229 0.083333 0.161458
0 0.361111 0.393229 0.083333 0.161458
1 0.451389 0.393229 0.083333 0.161458
0 0.541667 0.393229 0.083333 0.161458
1 0.631944 0.393229 0.083333 0.161458
0 0.722222 0.393229 0.083333 0.161458
1 0.812500 0.393229 0.083333 0.161458
1 0.902778 0.393229 0.083333 0.161458
1 0.127604 0.704861 0.085069 0.156250
0 0.219618 0.704861 0.085069 0.156250
1 0.311632 0.704861 0.085069 0.156250
1 0.403646 0.704861 0.085069 0.156250
0 0.495660 0.704861 0.085069 0.156250
1 0.587674 0.704861 0.085069 0.156250
1 0.679688 0.704861 0.085069 0.156250
1 0.771701 0.704861 0.085069 0.156250
1 0.863715 0.704861 0.085069 0.156250