1 0.207031 0.113281 0.136719 0.070312
0 0.351562 0.113281 0.136719 0.070312
1 0.496094 0.113281 0.136719 0.070312
0 0.640625 0.113281 0.136719 0.070312
1 0.785156 0.113281 0.136719 0.070312
1 0.202148 0.378906 0.138672 0.078125
1 0.348633 0.378906 0.138672 0.078125
1 0.495117 0.378906 0.138672 0.078125
0 0.641602 0.378906 0.138672 0.078125
1 0.788086 0.378906 0.138672 0.078125
1 0.200195 0.648438 0.189453 0.078125
1 0.397461 0.648438 0.189453 0.078125
0 0.594727 0.648438 0.189453 0.078125
1 0.791992 0.648438 0.189453 0.078125