0 0.149414 0.158203 0.107422 0.128906
1 0.264648 0.158203 0.107422 0.128906
1 0.379883 0.158203 0.107422 0.128906
1 0.495117 0.158203 0.107422 0.128906
1 0.610352 0.158203 0.107422 0.128906
0 0.725586 0.158203 0.107422 0.128906
1 0.840820 0.158203 0.107422 0.128906
0 0.215820 0.463867 0.072266 0.154297
1 0.295898 0.463867 0.072266 0.154297
1 0.375977 0.463867 0.072266 0.154297
1 0.456055 0.463867 0.072266 0.154297
1 0.536133 0.463867 0.072266 0.154297
1 0.616211 0.463867 0.072266 0.154297
1 0.696289 0.463867 0.072266 0.154297
1 0.776367 0.463867 0.072266 0.154297
1 0.326172 0.775391 0.105469 0.140625
0 0.439453 0.775391 0.105469 0.140625
0 0.552734 0.775391 0.105469 0.140625
0 0.666016 0.775391 0.105469 0.140625