1 0.201389 0.142361 0.111111 0.149306
0 0.319444 0.142361 0.111111 0.149306
1 0.437500 0.142361 0.111111 0.149306
1 0.555556 0.142361 0.111111 0.149306
1 0.673611 0.142361 0.111111 0.149306
1 0.791667 0.142361 0.111111 0.149306
0 0.217014 0.397569 0.072917 0.131944
0 0.296875 0.397569 0.072917 0.131944
1 0.376736 0.397569 0.072917 0.131944
1 0.456597 0.397569 0.072917 0.131944
1 0.536458 0.397569 0.072917 0.131944
0 0.616319 0.397569 0.072917 0.131944
0 0.696181 0.397569 0.072917 0.131944
1 0.776042 0.397569 0.072917 0.131944
1 0.186632 0.657986 0.081597 0.159722
1 0.275174 0.657986 0.081597 0.159722
1 0.363715 0.657986 0.081597 0.159722
1 0.452257 0.657986 0.081597 0.159722
0 0.540799 0.657986 0.081597 0.159722
1 0.629340 0.657986 0.081597 0.159722
1 0.717882 0.657986 0.081597 0.159722
1 0.806424 0.657986 0.081597 0.159722