0 0.140625 0.164062 0.093750 0.164062
0 0.242188 0.164062 0.093750 0.164062
1 0.343750 0.164062 0.093750 0.164062
0 0.445312 0.164062 0.093750 0.164062
1 0.546875 0.164062 0.093750 0.164062
0 0.648438 0.164062 0.093750 0.164062
1 0.750000 0.164062 0.093750 0.164062
0 0.851562 0.164062 0.093750 0.164062
1 0.208008 0.452148 0.087891 0.177734
1 0.303711 0.452148 0.087891 0.177734
1 0.399414 0.452148 0.087891 0.177734
0 0.495117 0.452148 0.087891 0.177734
0 0.590820 0.452148 0.087891 0.177734
1 0.686523 0.452148 0.087891 0.177734
0 0.782227 0.452148 0.087891 0.177734
1 0.156250 0.726562 0.105469 0.136719
0 0.269531 0.726562 0.105469 0.136719
0 0.382812 0.726562 0.105469 0.136719
1 0.496094 0.726562 0.105469 0.136719
0 0.609375 0.726562 0.105469 0.136719
1 0.722656 0.726562 0.105469 0.136719
1 0.835938 0.726562 0.105469 0.136719