1 0.120117 0.145508 0.099609 0.189453
0 0.227539 0.145508 0.099609 0.189453
1 0.334961 0.145508 0.099609 0.189453
0 0.442383 0.145508 0.099609 0.189453
1 0.549805 0.145508 0.099609 0.189453
1 0.657227 0.145508 0.099609 0.189453
1 0.764648 0.145508 0.099609 0.189453
1 0.872070 0.145508 0.099609 0.189453
1 0.238281 0.452148 0.078125 0.189453
0 0.324219 0.452148 0.078125 0.189453
1 0.410156 0.452148 0.078125 0.189453
1 0.496094 0.452148 0.078125 0.189453
0 0.582031 0.452148 0.078125 0.189453
1 0.667969 0.452148 0.078125 0.189453
1 0.753906 0.452148 0.078125 0.189453
1 0.140625 0.750000 0.093750 0.171875
1 0.242188 0.750000 0.093750 0.171875
1 0.343750 0.750000 0.093750 0.171875
1 0.445312 0.750000 0.093750 0.171875
0 0.546875 0.750000 0.093750 0.171875
0 0.648438 0.750000 0.093750 0.171875
0 0.750000 0.750000 0.093750 0.171875
1 0.851562 0.750000 0.093750 0.171875