1 0.090625 0.109375 0.075000 0.128125
0 0.171875 0.109375 0.075000 0.128125
1 0.253125 0.109375 0.075000 0.128125
1 0.334375 0.109375 0.075000 0.128125
0 0.415625 0.109375 0.075000 0.128125
0 0.496875 0.109375 0.075000 0.128125
0 0.578125 0.109375 0.075000 0.128125
0 0.659375 0.109375 0.075000 0.128125
1 0.740625 0.109375 0.075000 0.128125
1 0.821875 0.109375 0.075000 0.128125
1 0.903125 0.109375 0.075000 0.128125
0 0.370312 0.384375 0.078125 0.156250
1 0.454688 0.384375 0.078125 0.156250
0 0.539062 0.384375 0.078125 0.156250
0 0.623437 0.384375 0.078125 0.156250
1 0.297656 0.654687 0.073438 0.118750
1 0.377344 0.654687 0.073438 0.118750
0 0.457031 0.654687 0.073438 0.118750
0 0.536719 0.654687 0.073438 0.118750
1 0.616406 0.654687 0.073438 0.118750
1 0.696094 0.654687 0.073438 0.118750