1 0.184570 0.132812 0.095703 0.171875
1 0.288086 0.132812 0.095703 0.171875
1 0.391602 0.132812 0.095703 0.171875
0 0.495117 0.132812 0.095703 0.171875
1 0.598633 0.132812 0.095703 0.171875
0 0.702148 0.132812 0.095703 0.171875
0 0.805664 0.132812 0.095703 0.171875
1 0.159180 0.483398 0.126953 0.146484
1 0.293945 0.483398 0.126953 0.146484
1 0.428711 0.483398 0.126953 0.146484
0 0.563477 0.483398 0.126953 0.146484
0 0.698242 0.483398 0.126953 0.146484
1 0.833008 0.483398 0.126953 0.146484
1 0.272461 0.837891 0.103516 0.179688
1 0.383789 0.837891 0.103516 0.179688
1 0.495117 0.837891 0.103516 0.179688
0 0.606445 0.837891 0.103516 0.179688
0 0.717773 0.837891 0.103516 0.179688