1 0.244141 0.121094 0.160156 0.074219
1 0.412109 0.121094 0.160156 0.074219
1 0.580078 0.121094 0.160156 0.074219
1 0.748047 0.121094 0.160156 0.074219
1 0.208984 0.344727 0.183594 0.076172
1 0.400391 0.344727 0.183594 0.076172
1 0.591797 0.344727 0.183594 0.076172
1 0.783203 0.344727 0.183594 0.076172
1 0.170898 0.567383 0.154297 0.072266
0 0.333008 0.567383 0.154297 0.072266
1 0.495117 0.567383 0.154297 0.072266
1 0.657227 0.567383 0.154297 0.072266
1 0.819336 0.567383 0.154297 0.072266
1 0.220703 0.791992 0.175781 0.080078
0 0.404297 0.791992 0.175781 0.080078
1 0.587891 0.791992 0.175781 0.080078
0 0.771484 0.791992 0.175781 0.080078