1 0.193576 0.098090 0.144097 0.064236
1 0.344618 0.098090 0.144097 0.064236
1 0.495660 0.098090 0.144097 0.064236
1 0.646701 0.098090 0.144097 0.064236
0 0.797743 0.098090 0.144097 0.064236
1 0.296007 0.279514 0.126736 0.055556
0 0.429688 0.279514 0.126736 0.055556
0 0.563368 0.279514 0.126736 0.055556
1 0.697049 0.279514 0.126736 0.055556
0 0.197917 0.460938 0.142361 0.064236
0 0.347222 0.460938 0.142361 0.064236
0 0.496528 0.460938 0.142361 0.064236
0 0.645833 0.460938 0.142361 0.064236
1 0.795139 0.460938 0.142361 0.064236