1 0.172743 0.095486 0.154514 0.059028
0 0.334201 0.095486 0.154514 0.059028
0 0.495660 0.095486 0.154514 0.059028
1 0.657118 0.095486 0.154514 0.059028
1 0.818576 0.095486 0.154514 0.059028
0 0.156250 0.271701 0.163194 0.053819
1 0.326389 0.271701 0.163194 0.053819
1 0.496528 0.271701 0.163194 0.053819
1 0.666667 0.271701 0.163194 0.053819
1 0.836806 0.271701 0.163194 0.053819
1 0.193576 0.449653 0.144097 0.062500
1 0.344618 0.449653 0.144097 0.062500
1 0.495660 0.449653 0.144097 0.062500
1 0.646701 0.449653 0.144097 0.062500
0 0.797743 0.449653 0.144097 0.062500
1 0.158854 0.627604 0.161458 0.053819
0 0.327257 0.627604 0.161458 0.053819
1 0.495660 0.627604 0.161458 0.053819
1 0.664062 0.627604 0.161458 0.053819
0 0.832465 0.627604 0.161458 0.053819
0 0.172743 0.802951 0.154514 0.057292
1 0.334201 0.802951 0.154514 0.057292
0 0.495660 0.802951 0.154514 0.057292
1 0.657118 0.802951 0.154514 0.057292
1 0.818576 0.802951 0.154514 0.057292