0 0.295898 0.143555 0.072266 0.177734
1 0.375977 0.143555 0.072266 0.177734
0 0.456055 0.143555 0.072266 0.177734
0 0.536133 0.143555 0.072266 0.177734
0 0.616211 0.143555 0.072266 0.177734
1 0.696289 0.143555 0.072266 0.177734
1 0.161133 0.483398 0.087891 0.150391
1 0.256836 0.483398 0.087891 0.150391
1 0.352539 0.483398 0.087891 0.150391
0 0.448242 0.483398 0.087891 0.150391
0 0.543945 0.483398 0.087891 0.150391
1 0.639648 0.483398 0.087891 0.150391
1 0.735352 0.483398 0.087891 0.150391
1 0.831055 0.483398 0.087891 0.150391
1 0.133789 0.803711 0.095703 0.138672
1 0.237305 0.803711 0.095703 0.138672
0 0.340820 0.803711 0.095703 0.138672
1 0.444336 0.803711 0.095703 0.138672
0 0.547852 0.803711 0.095703 0.138672
1 0.651367 0.803711 0.095703 0.138672
1 0.754883 0.803711 0.095703 0.138672
0 0.858398 0.803711 0.095703 0.138672