1 0.393750 0.127344 0.062500 0.110937
0 0.462500 0.127344 0.062500 0.110937
0 0.531250 0.127344 0.062500 0.110937
1 0.600000 0.127344 0.062500 0.110937
0 0.210156 0.375000 0.089063 0.146875
1 0.305469 0.375000 0.089063 0.146875
0 0.400781 0.375000 0.089063 0.146875
1 0.496094 0.375000 0.089063 0.146875
0 0.591406 0.375000 0.089063 0.146875
0 0.686719 0.375000 0.089063 0.146875
0 0.782031 0.375000 0.089063 0.146875
1 0.124219 0.630469 0.076563 0.126562
1 0.207031 0.630469 0.076563 0.126562
1 0.289844 0.630469 0.076563 0.126562
0 0.372656 0.630469 0.076563 0.126562
0 0.455469 0.630469 0.076563 0.126562
0 0.538281 0.630469 0.076563 0.126562
0 0.621094 0.630469 0.076563 0.126562
1 0.703906 0.630469 0.076563 0.126562
1 0.786719 0.630469 0.076563 0.126562
0 0.869531 0.630469 0.076563 0.126562