1 0.339583 0.167708 0.095833 0.189583
1 0.443750 0.167708 0.095833 0.189583
0 0.547917 0.167708 0.095833 0.189583
0 0.652083 0.167708 0.095833 0.189583
1 0.163542 0.486458 0.102083 0.135417
1 0.273958 0.486458 0.102083 0.135417
0 0.384375 0.486458 0.102083 0.135417
1 0.494792 0.486458 0.102083 0.135417
1 0.605208 0.486458 0.102083 0.135417
1 0.715625 0.486458 0.102083 0.135417
0 0.826042 0.486458 0.102083 0.135417
1 0.287500 0.809375 0.075000 0.197917
1 0.370833 0.809375 0.075000 0.197917
0 0.454167 0.809375 0.075000 0.197917
0 0.537500 0.809375 0.075000 0.197917
0 0.620833 0.809375 0.075000 0.197917
1 0.704167 0.809375 0.075000 0.197917