1 0.090625 0.109375 0.075000 0.140625
1 0.171875 0.109375 0.075000 0.140625
1 0.253125 0.109375 0.075000 0.140625
0 0.334375 0.109375 0.075000 0.140625
1 0.415625 0.109375 0.075000 0.140625
1 0.496875 0.109375 0.075000 0.140625
1 0.578125 0.109375 0.075000 0.140625
0 0.659375 0.109375 0.075000 0.140625
1 0.740625 0.109375 0.075000 0.140625
0 0.821875 0.109375 0.075000 0.140625
1 0.903125 0.109375 0.075000 0.140625
0 0.110156 0.389062 0.079687 0.109375
1 0.196094 0.389062 0.079687 0.109375
1 0.282031 0.389062 0.079687 0.109375
1 0.367969 0.389062 0.079687 0.109375
1 0.453906 0.389062 0.079687 0.109375
1 0.539844 0.389062 0.079687 0.109375
1 0.625781 0.389062 0.079687 0.109375
1 0.711719 0.389062 0.079687 0.109375
0 0.797656 0.389062 0.079687 0.109375
1 0.883594 0.389062 0.079687 0.109375