0 0.113715 0.119792 0.078125 0.159722
1 0.198785 0.119792 0.078125 0.159722
0 0.283854 0.119792 0.078125 0.159722
1 0.368924 0.119792 0.078125 0.159722
1 0.453993 0.119792 0.078125 0.159722
1 0.539062 0.119792 0.078125 0.159722
1 0.624132 0.119792 0.078125 0.159722
1 0.709201 0.119792 0.078125 0.159722
1 0.794271 0.119792 0.078125 0.159722
1 0.879340 0.119792 0.078125 0.159722
1 0.295139 0.387153 0.093750 0.163194
1 0.395833 0.387153 0.093750 0.163194
0 0.496528 0.387153 0.093750 0.163194
1 0.597222 0.387153 0.093750 0.163194
1 0.697917 0.387153 0.093750 0.163194
1 0.288194 0.639757 0.076389 0.130208
1 0.371528 0.639757 0.076389 0.130208
1 0.454861 0.639757 0.076389 0.130208
1 0.538194 0.639757 0.076389 0.130208
0 0.621528 0.639757 0.076389 0.130208
0 0.704861 0.639757 0.076389 0.130208