1 0.371528 0.127604 0.076389 0.171875
0 0.454861 0.127604 0.076389 0.171875
1 0.538194 0.127604 0.076389 0.171875
1 0.621528 0.127604 0.076389 0.171875
1 0.260417 0.447049 0.111111 0.137153
0 0.378472 0.447049 0.111111 0.137153
1 0.496528 0.447049 0.111111 0.137153
0 0.614583 0.447049 0.111111 0.137153
1 0.732639 0.447049 0.111111 0.137153
1 0.325521 0.763021 0.078125 0.164931
0 0.410590 0.763021 0.078125 0.164931
0 0.495660 0.763021 0.078125 0.164931
0 0.580729 0.763021 0.078125 0.164931
0 0.665799 0.763021 0.078125 0.164931