0 0.365625 0.134375 0.081250 0.140625
1 0.453125 0.134375 0.081250 0.140625
0 0.540625 0.134375 0.081250 0.140625
0 0.628125 0.134375 0.081250 0.140625
1 0.317188 0.405469 0.065625 0.148438
0 0.389062 0.405469 0.065625 0.148438
1 0.460938 0.405469 0.065625 0.148438
1 0.532813 0.405469 0.065625 0.148438
0 0.604688 0.405469 0.065625 0.148438
1 0.676562 0.405469 0.065625 0.148438
1 0.152344 0.662500 0.092188 0.112500
1 0.250781 0.662500 0.092188 0.112500
1 0.349219 0.662500 0.092188 0.112500
1 0.447656 0.662500 0.092188 0.112500
1 0.546094 0.662500 0.092188 0.112500
0 0.644531 0.662500 0.092188 0.112500
0 0.742969 0.662500 0.092188 0.112500
0 0.841406 0.662500 0.092188 0.112500