1 0.141406 0.061719 0.135937 0.057813
1 0.283594 0.061719 0.135937 0.057813
0 0.425781 0.061719 0.135937 0.057813
0 0.567969 0.061719 0.135937 0.057813
1 0.710156 0.061719 0.135937 0.057813
1 0.852344 0.061719 0.135937 0.057813
0 0.145313 0.253906 0.134375 0.070312
0 0.285938 0.253906 0.134375 0.070312
1 0.426563 0.253906 0.134375 0.070312
1 0.567187 0.253906 0.134375 0.070312
0 0.707812 0.253906 0.134375 0.070312
1 0.848437 0.253906 0.134375 0.070312
1 0.196094 0.441406 0.114062 0.048438
1 0.316406 0.441406 0.114062 0.048438
1 0.436719 0.441406 0.114062 0.048438
1 0.557031 0.441406 0.114062 0.048438
1 0.677344 0.441406 0.114062 0.048438
1 0.797656 0.441406 0.114062 0.048438