1 0.208984 0.086914 0.183594 0.080078
1 0.400391 0.086914 0.183594 0.080078
1 0.591797 0.086914 0.183594 0.080078
0 0.783203 0.086914 0.183594 0.080078
0 0.144531 0.320312 0.167969 0.074219
1 0.320312 0.320312 0.167969 0.074219
0 0.496094 0.320312 0.167969 0.074219
1 0.671875 0.320312 0.167969 0.074219
0 0.847656 0.320312 0.167969 0.074219
1 0.200195 0.557617 0.189453 0.087891
1 0.397461 0.557617 0.189453 0.087891
1 0.594727 0.557617 0.189453 0.087891
1 0.791992 0.557617 0.189453 0.087891
1 0.167969 0.796875 0.156250 0.078125
1 0.332031 0.796875 0.156250 0.078125
1 0.496094 0.796875 0.156250 0.078125
1 0.660156 0.796875 0.156250 0.078125
1 0.824219 0.796875 0.156250 0.078125