0 0.147461 0.166016 0.091797 0.144531
1 0.247070 0.166016 0.091797 0.144531
1 0.346680 0.166016 0.091797 0.144531
1 0.446289 0.166016 0.091797 0.144531
1 0.545898 0.166016 0.091797 0.144531
0 0.645508 0.166016 0.091797 0.144531
0 0.745117 0.166016 0.091797 0.144531
1 0.844727 0.166016 0.091797 0.144531
1 0.342773 0.475586 0.068359 0.146484
0 0.418945 0.475586 0.068359 0.146484
1 0.495117 0.475586 0.068359 0.146484
1 0.571289 0.475586 0.068359 0.146484
1 0.647461 0.475586 0.068359 0.146484
1 0.174805 0.801758 0.083984 0.177734
1 0.266602 0.801758 0.083984 0.177734
0 0.358398 0.801758 0.083984 0.177734
0 0.450195 0.801758 0.083984 0.177734
1 0.541992 0.801758 0.083984 0.177734
0 0.633789 0.801758 0.083984 0.177734
1 0.725586 0.801758 0.083984 0.177734
0 0.817383 0.801758 0.083984 0.177734