1 0.323958 0.170833 0.106250 0.166667
0 0.438542 0.170833 0.106250 0.166667
1 0.553125 0.170833 0.106250 0.166667
1 0.667708 0.170833 0.106250 0.166667
1 0.230208 0.500000 0.097917 0.158333
1 0.336458 0.500000 0.097917 0.158333
1 0.442708 0.500000 0.097917 0.158333
0 0.548958 0.500000 0.097917 0.158333
1 0.655208 0.500000 0.097917 0.158333
1 0.761458 0.500000 0.097917 0.158333
0 0.211458 0.829167 0.072917 0.166667
1 0.292708 0.829167 0.072917 0.166667
1 0.373958 0.829167 0.072917 0.166667
1 0.455208 0.829167 0.072917 0.166667
1 0.536458 0.829167 0.072917 0.166667
0 0.617708 0.829167 0.072917 0.166667
1 0.698958 0.829167 0.072917 0.166667
1 0.780208 0.829167 0.072917 0.166667