1 0.262500 0.113281 0.071875 0.135937
1 0.340625 0.113281 0.071875 0.135937
1 0.418750 0.113281 0.071875 0.135937
1 0.496875 0.113281 0.071875 0.135937
1 0.575000 0.113281 0.071875 0.135937
0 0.653125 0.113281 0.071875 0.135937
0 0.731250 0.113281 0.071875 0.135937
1 0.234375 0.346094 0.081250 0.126562
1 0.321875 0.346094 0.081250 0.126562
1 0.409375 0.346094 0.081250 0.126562
1 0.496875 0.346094 0.081250 0.126562
1 0.584375 0.346094 0.081250 0.126562
0 0.671875 0.346094 0.081250 0.126562
1 0.759375 0.346094 0.081250 0.126562
1 0.135937 0.582031 0.059375 0.142187
1 0.201563 0.582031 0.059375 0.142187
0 0.267188 0.582031 0.059375 0.142187
1 0.332813 0.582031 0.059375 0.142187
0 0.398438 0.582031 0.059375 0.142187
1 0.464062 0.582031 0.059375 0.142187
1 0.529687 0.582031 0.059375 0.142187
1 0.595313 0.582031 0.059375 0.142187
1 0.660937 0.582031 0.059375 0.142187
1 0.726562 0.582031 0.059375 0.142187
1 0.792188 0.582031 0.059375 0.142187
1 0.857812 0.582031 0.059375 0.142187
1 0.121875 0.813281 0.087500 0.117188
1 0.215625 0.813281 0.087500 0.117188
1 0.309375 0.813281 0.087500 0.117188
1 0.403125 0.813281 0.087500 0.117188
1 0.496875 0.813281 0.087500 0.117188
1 0.590625 0.813281 0.087500 0.117188
1 0.684375 0.813281 0.087500 0.117188
1 0.778125 0.813281 0.087500 0.117188
1 0.871875 0.813281 0.087500 0.117188