1 0.222656 0.172852 0.101562 0.158203
0 0.332031 0.172852 0.101562 0.158203
1 0.441406 0.172852 0.101562 0.158203
0 0.550781 0.172852 0.101562 0.158203
0 0.660156 0.172852 0.101562 0.158203
1 0.769531 0.172852 0.101562 0.158203
1 0.143555 0.517578 0.080078 0.179688
0 0.231445 0.517578 0.080078 0.179688
1 0.319336 0.517578 0.080078 0.179688
0 0.407227 0.517578 0.080078 0.179688
1 0.495117 0.517578 0.080078 0.179688
1 0.583008 0.517578 0.080078 0.179688
1 0.670898 0.517578 0.080078 0.179688
1 0.758789 0.517578 0.080078 0.179688
0 0.846680 0.517578 0.080078 0.179688