1 0.173958 0.110417 0.206250 0.083333
1 0.388542 0.110417 0.206250 0.083333
0 0.603125 0.110417 0.206250 0.083333
0 0.817708 0.110417 0.206250 0.083333
1 0.182292 0.377083 0.147917 0.079167
1 0.338542 0.377083 0.147917 0.079167
0 0.494792 0.377083 0.147917 0.079167
1 0.651042 0.377083 0.147917 0.079167
1 0.807292 0.377083 0.147917 0.079167
1 0.187500 0.633333 0.145833 0.062500
1 0.341667 0.633333 0.145833 0.062500
1 0.495833 0.633333 0.145833 0.062500
0 0.650000 0.633333 0.145833 0.062500
1 0.804167 0.633333 0.145833 0.062500