0 0.240451 0.102431 0.078125 0.118056
1 0.325521 0.102431 0.078125 0.118056
0 0.410590 0.102431 0.078125 0.118056
1 0.495660 0.102431 0.078125 0.118056
1 0.580729 0.102431 0.078125 0.118056
1 0.665799 0.102431 0.078125 0.118056
0 0.750868 0.102431 0.078125 0.118056
1 0.177083 0.371528 0.072917 0.135417
1 0.256944 0.371528 0.072917 0.135417
1 0.336806 0.371528 0.072917 0.135417
0 0.416667 0.371528 0.072917 0.135417
0 0.496528 0.371528 0.072917 0.135417
1 0.576389 0.371528 0.072917 0.135417
1 0.656250 0.371528 0.072917 0.135417
0 0.736111 0.371528 0.072917 0.135417
0 0.815972 0.371528 0.072917 0.135417
1 0.087674 0.642361 0.074653 0.121528
1 0.169271 0.642361 0.074653 0.121528
0 0.250868 0.642361 0.074653 0.121528
0 0.332465 0.642361 0.074653 0.121528
0 0.414062 0.642361 0.074653 0.121528
1 0.495660 0.642361 0.074653 0.121528
1 0.577257 0.642361 0.074653 0.121528
1 0.658854 0.642361 0.074653 0.121528
1 0.740451 0.642361 0.074653 0.121528
0 0.822049 0.642361 0.074653 0.121528
0 0.903646 0.642361 0.074653 0.121528