1 0.126953 0.171875 0.074219 0.171875
1 0.208984 0.171875 0.074219 0.171875
1 0.291016 0.171875 0.074219 0.171875
1 0.373047 0.171875 0.074219 0.171875
0 0.455078 0.171875 0.074219 0.171875
1 0.537109 0.171875 0.074219 0.171875
1 0.619141 0.171875 0.074219 0.171875
0 0.701172 0.171875 0.074219 0.171875
1 0.783203 0.171875 0.074219 0.171875
1 0.865234 0.171875 0.074219 0.171875
1 0.373047 0.516602 0.074219 0.154297
1 0.455078 0.516602 0.074219 0.154297
1 0.537109 0.516602 0.074219 0.154297
1 0.619141 0.516602 0.074219 0.154297