1 0.173958 0.091667 0.206250 0.087500
1 0.388542 0.091667 0.206250 0.087500
1 0.603125 0.091667 0.206250 0.087500
1 0.817708 0.091667 0.206250 0.087500
1 0.220833 0.325000 0.175000 0.091667
1 0.404167 0.325000 0.175000 0.091667
0 0.587500 0.325000 0.175000 0.091667
0 0.770833 0.325000 0.175000 0.091667
0 0.179167 0.561458 0.150000 0.093750
1 0.337500 0.561458 0.150000 0.093750
0 0.495833 0.561458 0.150000 0.093750
1 0.654167 0.561458 0.150000 0.093750
1 0.812500 0.561458 0.150000 0.093750
1 0.154167 0.798958 0.162500 0.093750
0 0.325000 0.798958 0.162500 0.093750
1 0.495833 0.798958 0.162500 0.093750
1 0.666667 0.798958 0.162500 0.093750
1 0.837500 0.798958 0.162500 0.093750