0 0.346875 0.096875 0.068750 0.131250
1 0.421875 0.096875 0.068750 0.131250
1 0.496875 0.096875 0.068750 0.131250
1 0.571875 0.096875 0.068750 0.131250
0 0.646875 0.096875 0.068750 0.131250
1 0.375000 0.389844 0.075000 0.148438
1 0.456250 0.389844 0.075000 0.148438
1 0.537500 0.389844 0.075000 0.148438
0 0.618750 0.389844 0.075000 0.148438
1 0.075000 0.673438 0.087500 0.112500
0 0.168750 0.673438 0.087500 0.112500
1 0.262500 0.673438 0.087500 0.112500
1 0.356250 0.673438 0.087500 0.112500
1 0.450000 0.673438 0.087500 0.112500
1 0.543750 0.673438 0.087500 0.112500
1 0.637500 0.673438 0.087500 0.112500
1 0.731250 0.673438 0.087500 0.112500
0 0.825000 0.673438 0.087500 0.112500
1 0.918750 0.673438 0.087500 0.112500