1 0.219531 0.137500 0.085938 0.156250
0 0.311719 0.137500 0.085938 0.156250
0 0.403906 0.137500 0.085938 0.156250
0 0.496094 0.137500 0.085938 0.156250
0 0.588281 0.137500 0.085938 0.156250
1 0.680469 0.137500 0.085938 0.156250
0 0.772656 0.137500 0.085938 0.156250
1 0.321094 0.435937 0.064062 0.153125
1 0.391406 0.435937 0.064062 0.153125
1 0.461719 0.435937 0.064062 0.153125
1 0.532031 0.435937 0.064062 0.153125
1 0.602344 0.435937 0.064062 0.153125
1 0.672656 0.435937 0.064062 0.153125
1 0.119531 0.714844 0.101562 0.117188
0 0.227344 0.714844 0.101562 0.117188
0 0.335156 0.714844 0.101562 0.117188
1 0.442969 0.714844 0.101562 0.117188
1 0.550781 0.714844 0.101562 0.117188
1 0.658594 0.714844 0.101562 0.117188
1 0.766406 0.714844 0.101562 0.117188
0 0.874219 0.714844 0.101562 0.117188