1 0.353125 0.093750 0.065625 0.112500
1 0.425000 0.093750 0.065625 0.112500
1 0.496875 0.093750 0.065625 0.112500
1 0.568750 0.093750 0.065625 0.112500
1 0.640625 0.093750 0.065625 0.112500
1 0.297656 0.357031 0.073438 0.123438
0 0.377344 0.357031 0.073438 0.123438
1 0.457031 0.357031 0.073438 0.123438
1 0.536719 0.357031 0.073438 0.123438
1 0.616406 0.357031 0.073438 0.123438
0 0.696094 0.357031 0.073438 0.123438
1 0.247656 0.634375 0.076563 0.140625
0 0.330469 0.634375 0.076563 0.140625
1 0.413281 0.634375 0.076563 0.140625
1 0.496094 0.634375 0.076563 0.140625
0 0.578906 0.634375 0.076563 0.140625
1 0.661719 0.634375 0.076563 0.140625
1 0.744531 0.634375 0.076563 0.140625