1 0.315625 0.102344 0.084375 0.110937
1 0.406250 0.102344 0.084375 0.110937
0 0.496875 0.102344 0.084375 0.110937
0 0.587500 0.102344 0.084375 0.110937
0 0.678125 0.102344 0.084375 0.110937
0 0.127344 0.322656 0.085938 0.114062
1 0.219531 0.322656 0.085938 0.114062
1 0.311719 0.322656 0.085938 0.114062
1 0.403906 0.322656 0.085938 0.114062
1 0.496094 0.322656 0.085938 0.114062
1 0.588281 0.322656 0.085938 0.114062
1 0.680469 0.322656 0.085938 0.114062
1 0.772656 0.322656 0.085938 0.114062
1 0.864844 0.322656 0.085938 0.114062
1 0.278125 0.544531 0.056250 0.114062
0 0.340625 0.544531 0.056250 0.114062
1 0.403125 0.544531 0.056250 0.114062
1 0.465625 0.544531 0.056250 0.114062
1 0.528125 0.544531 0.056250 0.114062
1 0.590625 0.544531 0.056250 0.114062
1 0.653125 0.544531 0.056250 0.114062
0 0.715625 0.544531 0.056250 0.114062