1 0.174479 0.101562 0.085069 0.119792
0 0.266493 0.101562 0.085069 0.119792
0 0.358507 0.101562 0.085069 0.119792
1 0.450521 0.101562 0.085069 0.119792
0 0.542535 0.101562 0.085069 0.119792
0 0.634549 0.101562 0.085069 0.119792
1 0.726562 0.101562 0.085069 0.119792
1 0.818576 0.101562 0.085069 0.119792
1 0.353299 0.346354 0.088542 0.133681
1 0.448785 0.346354 0.088542 0.133681
0 0.544271 0.346354 0.088542 0.133681
1 0.639757 0.346354 0.088542 0.133681
1 0.392361 0.592882 0.062500 0.123264
1 0.461806 0.592882 0.062500 0.123264
1 0.531250 0.592882 0.062500 0.123264
1 0.600694 0.592882 0.062500 0.123264
1 0.302083 0.834201 0.090278 0.123264
1 0.399306 0.834201 0.090278 0.123264
1 0.496528 0.834201 0.090278 0.123264
1 0.593750 0.834201 0.090278 0.123264
0 0.690972 0.834201 0.090278 0.123264