0 0.128906 0.149219 0.067187 0.148438
1 0.202344 0.149219 0.067187 0.148438
1 0.275781 0.149219 0.067187 0.148438
1 0.349219 0.149219 0.067187 0.148438
1 0.422656 0.149219 0.067187 0.148438
1 0.496094 0.149219 0.067187 0.148438
0 0.569531 0.149219 0.067187 0.148438
1 0.642969 0.149219 0.067187 0.148438
0 0.716406 0.149219 0.067187 0.148438
0 0.789844 0.149219 0.067187 0.148438
1 0.863281 0.149219 0.067187 0.148438
1 0.124219 0.411719 0.076563 0.142187
1 0.207031 0.411719 0.076563 0.142187
1 0.289844 0.411719 0.076563 0.142187
0 0.372656 0.411719 0.076563 0.142187
1 0.455469 0.411719 0.076563 0.142187
1 0.538281 0.411719 0.076563 0.142187
1 0.621094 0.411719 0.076563 0.142187
1 0.703906 0.411719 0.076563 0.142187
0 0.786719 0.411719 0.076563 0.142187
1 0.869531 0.411719 0.076563 0.142187
1 0.363281 0.664844 0.082812 0.129688
1 0.452344 0.664844 0.082812 0.129688
1 0.541406 0.664844 0.082812 0.129688
1 0.630469 0.664844 0.082812 0.129688