1 0.084375 0.110156 0.096875 0.151562
1 0.187500 0.110156 0.096875 0.151562
0 0.290625 0.110156 0.096875 0.151562
1 0.393750 0.110156 0.096875 0.151562
1 0.496875 0.110156 0.096875 0.151562
1 0.600000 0.110156 0.096875 0.151562
1 0.703125 0.110156 0.096875 0.151562
1 0.806250 0.110156 0.096875 0.151562
1 0.909375 0.110156 0.096875 0.151562
1 0.301563 0.375781 0.071875 0.132812
1 0.379688 0.375781 0.071875 0.132812
1 0.457813 0.375781 0.071875 0.132812
1 0.535937 0.375781 0.071875 0.132812
0 0.614062 0.375781 0.071875 0.132812
1 0.692187 0.375781 0.071875 0.132812
1 0.114844 0.632812 0.089063 0.134375
1 0.210156 0.632812 0.089063 0.134375
1 0.305469 0.632812 0.089063 0.134375
1 0.400781 0.632812 0.089063 0.134375
1 0.496094 0.632812 0.089063 0.134375
0 0.591406 0.632812 0.089063 0.134375
1 0.686719 0.632812 0.089063 0.134375
1 0.782031 0.632812 0.089063 0.134375
1 0.877344 0.632812 0.089063 0.134375