0 0.164844 0.079687 0.126562 0.050000
1 0.297656 0.079687 0.126562 0.050000
0 0.430469 0.079687 0.126562 0.050000
0 0.563281 0.079687 0.126562 0.050000
0 0.696094 0.079687 0.126562 0.050000
1 0.828906 0.079687 0.126562 0.050000
1 0.137500 0.278125 0.137500 0.053125
0 0.281250 0.278125 0.137500 0.053125
1 0.425000 0.278125 0.137500 0.053125
0 0.568750 0.278125 0.137500 0.053125
0 0.712500 0.278125 0.137500 0.053125
1 0.856250 0.278125 0.137500 0.053125
1 0.259375 0.484375 0.112500 0.065625
0 0.378125 0.484375 0.112500 0.065625
0 0.496875 0.484375 0.112500 0.065625
1 0.615625 0.484375 0.112500 0.065625
1 0.734375 0.484375 0.112500 0.065625
0 0.190625 0.699219 0.146875 0.070312
1 0.343750 0.699219 0.146875 0.070312
1 0.496875 0.699219 0.146875 0.070312
0 0.650000 0.699219 0.146875 0.070312
1 0.803125 0.699219 0.146875 0.070312