1 0.272461 0.141602 0.103516 0.173828
0 0.383789 0.141602 0.103516 0.173828
1 0.495117 0.141602 0.103516 0.173828
1 0.606445 0.141602 0.103516 0.173828
1 0.717773 0.141602 0.103516 0.173828
0 0.316406 0.473633 0.082031 0.169922
0 0.406250 0.473633 0.082031 0.169922
1 0.496094 0.473633 0.082031 0.169922
0 0.585938 0.473633 0.082031 0.169922
1 0.675781 0.473633 0.082031 0.169922
0 0.305664 0.799805 0.068359 0.162109
1 0.381836 0.799805 0.068359 0.162109
1 0.458008 0.799805 0.068359 0.162109
1 0.534180 0.799805 0.068359 0.162109
1 0.610352 0.799805 0.068359 0.162109
1 0.686523 0.799805 0.068359 0.162109