1 0.162326 0.134549 0.088542 0.123264
1 0.257812 0.134549 0.088542 0.123264
0 0.353299 0.134549 0.088542 0.123264
0 0.448785 0.134549 0.088542 0.123264
1 0.544271 0.134549 0.088542 0.123264
0 0.639757 0.134549 0.088542 0.123264
1 0.735243 0.134549 0.088542 0.123264
0 0.830729 0.134549 0.088542 0.123264
0 0.129340 0.393229 0.074653 0.164931
1 0.210938 0.393229 0.074653 0.164931
0 0.292535 0.393229 0.074653 0.164931
0 0.374132 0.393229 0.074653 0.164931
1 0.455729 0.393229 0.074653 0.164931
0 0.537326 0.393229 0.074653 0.164931
1 0.618924 0.393229 0.074653 0.164931
1 0.700521 0.393229 0.074653 0.164931
1 0.782118 0.393229 0.074653 0.164931
0 0.863715 0.393229 0.074653 0.164931
1 0.180556 0.655382 0.083333 0.130208
1 0.270833 0.655382 0.083333 0.130208
1 0.361111 0.655382 0.083333 0.130208
1 0.451389 0.655382 0.083333 0.130208
1 0.541667 0.655382 0.083333 0.130208
1 0.631944 0.655382 0.083333 0.130208
0 0.722222 0.655382 0.083333 0.130208
1 0.812500 0.655382 0.083333 0.130208