1 0.379340 0.109375 0.071181 0.135417
1 0.457465 0.109375 0.071181 0.135417
0 0.535590 0.109375 0.071181 0.135417
1 0.613715 0.109375 0.071181 0.135417
1 0.343750 0.372396 0.069444 0.147569
1 0.420139 0.372396 0.069444 0.147569
0 0.496528 0.372396 0.069444 0.147569
0 0.572917 0.372396 0.069444 0.147569
1 0.649306 0.372396 0.069444 0.147569
1 0.138021 0.641493 0.095486 0.147569
1 0.240451 0.641493 0.095486 0.147569
0 0.342882 0.641493 0.095486 0.147569
1 0.445312 0.641493 0.095486 0.147569
1 0.547743 0.641493 0.095486 0.147569
1 0.650174 0.641493 0.095486 0.147569
1 0.752604 0.641493 0.095486 0.147569
1 0.855035 0.641493 0.095486 0.147569