1 0.303906 0.139844 0.057813 0.132812
1 0.367969 0.139844 0.057813 0.132812
1 0.432031 0.139844 0.057813 0.132812
0 0.496094 0.139844 0.057813 0.132812
1 0.560156 0.139844 0.057813 0.132812
0 0.624219 0.139844 0.057813 0.132812
0 0.688281 0.139844 0.057813 0.132812
1 0.293750 0.385937 0.075000 0.118750
1 0.375000 0.385937 0.075000 0.118750
1 0.456250 0.385937 0.075000 0.118750
1 0.537500 0.385937 0.075000 0.118750
1 0.618750 0.385937 0.075000 0.118750
1 0.700000 0.385937 0.075000 0.118750
1 0.212500 0.639844 0.075000 0.148438
0 0.293750 0.639844 0.075000 0.148438
0 0.375000 0.639844 0.075000 0.148438
1 0.456250 0.639844 0.075000 0.148438
0 0.537500 0.639844 0.075000 0.148438
1 0.618750 0.639844 0.075000 0.148438
1 0.700000 0.639844 0.075000 0.148438
0 0.781250 0.639844 0.075000 0.148438