0 0.112305 0.122070 0.087891 0.138672
1 0.208008 0.122070 0.087891 0.138672
1 0.303711 0.122070 0.087891 0.138672
1 0.399414 0.122070 0.087891 0.138672
0 0.495117 0.122070 0.087891 0.138672
1 0.590820 0.122070 0.087891 0.138672
1 0.686523 0.122070 0.087891 0.138672
1 0.782227 0.122070 0.087891 0.138672
1 0.877930 0.122070 0.087891 0.138672
0 0.121094 0.430664 0.117188 0.181641
1 0.246094 0.430664 0.117188 0.181641
0 0.371094 0.430664 0.117188 0.181641
0 0.496094 0.430664 0.117188 0.181641
1 0.621094 0.430664 0.117188 0.181641
1 0.746094 0.430664 0.117188 0.181641
1 0.871094 0.430664 0.117188 0.181641
1 0.106445 0.740234 0.103516 0.140625
0 0.217773 0.740234 0.103516 0.140625
0 0.329102 0.740234 0.103516 0.140625
1 0.440430 0.740234 0.103516 0.140625
0 0.551758 0.740234 0.103516 0.140625
1 0.663086 0.740234 0.103516 0.140625
0 0.774414 0.740234 0.103516 0.140625
0 0.885742 0.740234 0.103516 0.140625