1 0.137153 0.157986 0.072917 0.142361
0 0.217014 0.157986 0.072917 0.142361
1 0.296875 0.157986 0.072917 0.142361
1 0.376736 0.157986 0.072917 0.142361
1 0.456597 0.157986 0.072917 0.142361
1 0.536458 0.157986 0.072917 0.142361
0 0.616319 0.157986 0.072917 0.142361
1 0.696181 0.157986 0.072917 0.142361
1 0.776042 0.157986 0.072917 0.142361
1 0.855903 0.157986 0.072917 0.142361
1 0.240451 0.475694 0.095486 0.156250
1 0.342882 0.475694 0.095486 0.156250
1 0.445312 0.475694 0.095486 0.156250
1 0.547743 0.475694 0.095486 0.156250
1 0.650174 0.475694 0.095486 0.156250
1 0.752604 0.475694 0.095486 0.156250
1 0.292535 0.789062 0.074653 0.133681
1 0.374132 0.789062 0.074653 0.133681
0 0.455729 0.789062 0.074653 0.133681
1 0.537326 0.789062 0.074653 0.133681
0 0.618924 0.789062 0.074653 0.133681
1 0.700521 0.789062 0.074653 0.133681