1 0.227431 0.116319 0.100694 0.145833
0 0.335069 0.116319 0.100694 0.145833
1 0.442708 0.116319 0.100694 0.145833
0 0.550347 0.116319 0.100694 0.145833
1 0.657986 0.116319 0.100694 0.145833
1 0.765625 0.116319 0.100694 0.145833
1 0.119792 0.398438 0.100694 0.133681
0 0.227431 0.398438 0.100694 0.133681
1 0.335069 0.398438 0.100694 0.133681
1 0.442708 0.398438 0.100694 0.133681
0 0.550347 0.398438 0.100694 0.133681
1 0.657986 0.398438 0.100694 0.133681
0 0.765625 0.398438 0.100694 0.133681
1 0.873264 0.398438 0.100694 0.133681
1 0.231771 0.689236 0.098958 0.163194
1 0.337674 0.689236 0.098958 0.163194
1 0.443576 0.689236 0.098958 0.163194
1 0.549479 0.689236 0.098958 0.163194
1 0.655382 0.689236 0.098958 0.163194
0 0.761285 0.689236 0.098958 0.163194