0 0.175347 0.092882 0.121528 0.057292
1 0.303819 0.092882 0.121528 0.057292
0 0.432292 0.092882 0.121528 0.057292
0 0.560764 0.092882 0.121528 0.057292
1 0.689236 0.092882 0.121528 0.057292
1 0.817708 0.092882 0.121528 0.057292
1 0.170139 0.322049 0.156250 0.060764
1 0.333333 0.322049 0.156250 0.060764
1 0.496528 0.322049 0.156250 0.060764
0 0.659722 0.322049 0.156250 0.060764
1 0.822917 0.322049 0.156250 0.060764
1 0.149306 0.559028 0.131944 0.072917
0 0.288194 0.559028 0.131944 0.072917
1 0.427083 0.559028 0.131944 0.072917
0 0.565972 0.559028 0.131944 0.072917
0 0.704861 0.559028 0.131944 0.072917
1 0.843750 0.559028 0.131944 0.072917