0 0.184570 0.184570 0.095703 0.177734
1 0.288086 0.184570 0.095703 0.177734
0 0.391602 0.184570 0.095703 0.177734
1 0.495117 0.184570 0.095703 0.177734
0 0.598633 0.184570 0.095703 0.177734
1 0.702148 0.184570 0.095703 0.177734
1 0.805664 0.184570 0.095703 0.177734
1 0.147461 0.488281 0.091797 0.160156
0 0.247070 0.488281 0.091797 0.160156
0 0.346680 0.488281 0.091797 0.160156
1 0.446289 0.488281 0.091797 0.160156
0 0.545898 0.488281 0.091797 0.160156
1 0.645508 0.488281 0.091797 0.160156
0 0.745117 0.488281 0.091797 0.160156
1 0.844727 0.488281 0.091797 0.160156
1 0.276367 0.776367 0.080078 0.146484
0 0.364258 0.776367 0.080078 0.146484
1 0.452148 0.776367 0.080078 0.146484
1 0.540039 0.776367 0.080078 0.146484
1 0.627930 0.776367 0.080078 0.146484
0 0.715820 0.776367 0.080078 0.146484