0 0.155048 0.140625 0.103365 0.180288
1 0.268029 0.140625 0.103365 0.180288
0 0.381010 0.140625 0.103365 0.180288
1 0.493990 0.140625 0.103365 0.180288
0 0.606971 0.140625 0.103365 0.180288
0 0.719952 0.140625 0.103365 0.180288
0 0.832933 0.140625 0.103365 0.180288
1 0.118990 0.490385 0.084135 0.177885
0 0.212740 0.490385 0.084135 0.177885
0 0.306490 0.490385 0.084135 0.177885
0 0.400240 0.490385 0.084135 0.177885
1 0.493990 0.490385 0.084135 0.177885
1 0.587740 0.490385 0.084135 0.177885
0 0.681490 0.490385 0.084135 0.177885
1 0.775240 0.490385 0.084135 0.177885
1 0.868990 0.490385 0.084135 0.177885
1 0.108173 0.842548 0.100962 0.185096
1 0.218750 0.842548 0.100962 0.185096
1 0.329327 0.842548 0.100962 0.185096
1 0.439904 0.842548 0.100962 0.185096
1 0.550481 0.842548 0.100962 0.185096
1 0.661058 0.842548 0.100962 0.185096
0 0.771635 0.842548 0.100962 0.185096
1 0.882212 0.842548 0.100962 0.185096