0 0.211806 0.118056 0.135417 0.076389
1 0.354167 0.118056 0.135417 0.076389
0 0.496528 0.118056 0.135417 0.076389
1 0.638889 0.118056 0.135417 0.076389
0 0.781250 0.118056 0.135417 0.076389
0 0.298611 0.324653 0.125000 0.065972
1 0.430556 0.324653 0.125000 0.065972
1 0.562500 0.324653 0.125000 0.065972
1 0.694444 0.324653 0.125000 0.065972
1 0.170139 0.528646 0.156250 0.071181
1 0.333333 0.528646 0.156250 0.071181
1 0.496528 0.528646 0.156250 0.071181
1 0.659722 0.528646 0.156250 0.071181
0 0.822917 0.528646 0.156250 0.071181
1 0.165799 0.725694 0.157986 0.052083
1 0.330729 0.725694 0.157986 0.052083
1 0.495660 0.725694 0.157986 0.052083
1 0.660590 0.725694 0.157986 0.052083
1 0.825521 0.725694 0.157986 0.052083