1 0.125781 0.081250 0.117188 0.046875
1 0.249219 0.081250 0.117188 0.046875
1 0.372656 0.081250 0.117188 0.046875
0 0.496094 0.081250 0.117188 0.046875
1 0.619531 0.081250 0.117188 0.046875
1 0.742969 0.081250 0.117188 0.046875
1 0.866406 0.081250 0.117188 0.046875
0 0.157031 0.282031 0.129688 0.051562
0 0.292969 0.282031 0.129688 0.051562
0 0.428906 0.282031 0.129688 0.051562
1 0.564844 0.282031 0.129688 0.051562
1 0.700781 0.282031 0.129688 0.051562
1 0.836719 0.282031 0.129688 0.051562
1 0.135156 0.487500 0.114062 0.056250
1 0.255469 0.487500 0.114062 0.056250
1 0.375781 0.487500 0.114062 0.056250
0 0.496094 0.487500 0.114062 0.056250
1 0.616406 0.487500 0.114062 0.056250
0 0.736719 0.487500 0.114062 0.056250
1 0.857031 0.487500 0.114062 0.056250
1 0.192969 0.702344 0.145313 0.070312
1 0.344531 0.702344 0.145313 0.070312
0 0.496094 0.702344 0.145313 0.070312
0 0.647656 0.702344 0.145313 0.070312
0 0.799219 0.702344 0.145313 0.070312