1 0.209201 0.108507 0.088542 0.137153
1 0.304688 0.108507 0.088542 0.137153
1 0.400174 0.108507 0.088542 0.137153
0 0.495660 0.108507 0.088542 0.137153
1 0.591146 0.108507 0.088542 0.137153
1 0.686632 0.108507 0.088542 0.137153
0 0.782118 0.108507 0.088542 0.137153
1 0.085938 0.409722 0.067708 0.121528
0 0.160590 0.409722 0.067708 0.121528
0 0.235243 0.409722 0.067708 0.121528
1 0.309896 0.409722 0.067708 0.121528
1 0.384549 0.409722 0.067708 0.121528
1 0.459201 0.409722 0.067708 0.121528
0 0.533854 0.409722 0.067708 0.121528
1 0.608507 0.409722 0.067708 0.121528
1 0.683160 0.409722 0.067708 0.121528
1 0.757812 0.409722 0.067708 0.121528
1 0.832465 0.409722 0.067708 0.121528
1 0.907118 0.409722 0.067708 0.121528