1 0.164663 0.152644 0.122596 0.161058
0 0.296875 0.152644 0.122596 0.161058
1 0.429087 0.152644 0.122596 0.161058
0 0.561298 0.152644 0.122596 0.161058
1 0.693510 0.152644 0.122596 0.161058
1 0.825721 0.152644 0.122596 0.161058
1 0.118990 0.561298 0.084135 0.194712
1 0.212740 0.561298 0.084135 0.194712
0 0.306490 0.561298 0.084135 0.194712
0 0.400240 0.561298 0.084135 0.194712
0 0.493990 0.561298 0.084135 0.194712
1 0.587740 0.561298 0.084135 0.194712
1 0.681490 0.561298 0.084135 0.194712
0 0.775240 0.561298 0.084135 0.194712
1 0.868990 0.561298 0.084135 0.194712