1 0.121094 0.149414 0.085938 0.185547
1 0.214844 0.149414 0.085938 0.185547
0 0.308594 0.149414 0.085938 0.185547
1 0.402344 0.149414 0.085938 0.185547
1 0.496094 0.149414 0.085938 0.185547
0 0.589844 0.149414 0.085938 0.185547
1 0.683594 0.149414 0.085938 0.185547
0 0.777344 0.149414 0.085938 0.185547
1 0.871094 0.149414 0.085938 0.185547
0 0.375977 0.490234 0.072266 0.167969
1 0.456055 0.490234 0.072266 0.167969
1 0.536133 0.490234 0.072266 0.167969
1 0.616211 0.490234 0.072266 0.167969
1 0.126953 0.831055 0.097656 0.185547
1 0.232422 0.831055 0.097656 0.185547
0 0.337891 0.831055 0.097656 0.185547
1 0.443359 0.831055 0.097656 0.185547
1 0.548828 0.831055 0.097656 0.185547
0 0.654297 0.831055 0.097656 0.185547
0 0.759766 0.831055 0.097656 0.185547
1 0.865234 0.831055 0.097656 0.185547