1 0.192308 0.169471 0.091346 0.213942
1 0.293269 0.169471 0.091346 0.213942
1 0.394231 0.169471 0.091346 0.213942
0 0.495192 0.169471 0.091346 0.213942
1 0.596154 0.169471 0.091346 0.213942
1 0.697115 0.169471 0.091346 0.213942
1 0.798077 0.169471 0.091346 0.213942
0 0.120192 0.526442 0.115385 0.173077
1 0.245192 0.526442 0.115385 0.173077
0 0.370192 0.526442 0.115385 0.173077
1 0.495192 0.526442 0.115385 0.173077
0 0.620192 0.526442 0.115385 0.173077
1 0.745192 0.526442 0.115385 0.173077
1 0.870192 0.526442 0.115385 0.173077