1 0.154297 0.168945 0.089844 0.154297
0 0.251953 0.168945 0.089844 0.154297
1 0.349609 0.168945 0.089844 0.154297
1 0.447266 0.168945 0.089844 0.154297
1 0.544922 0.168945 0.089844 0.154297
1 0.642578 0.168945 0.089844 0.154297
1 0.740234 0.168945 0.089844 0.154297
1 0.837891 0.168945 0.089844 0.154297
1 0.179688 0.455078 0.097656 0.167969
1 0.285156 0.455078 0.097656 0.167969
1 0.390625 0.455078 0.097656 0.167969
1 0.496094 0.455078 0.097656 0.167969
0 0.601562 0.455078 0.097656 0.167969
1 0.707031 0.455078 0.097656 0.167969
1 0.812500 0.455078 0.097656 0.167969