0 0.265625 0.128125 0.106250 0.172917
1 0.380208 0.128125 0.106250 0.172917
0 0.494792 0.128125 0.106250 0.172917
0 0.609375 0.128125 0.106250 0.172917
1 0.723958 0.128125 0.106250 0.172917
1 0.215625 0.459375 0.131250 0.206250
0 0.355208 0.459375 0.131250 0.206250
0 0.494792 0.459375 0.131250 0.206250
0 0.634375 0.459375 0.131250 0.206250
1 0.773958 0.459375 0.131250 0.206250
1 0.108333 0.790625 0.120833 0.172917
0 0.237500 0.790625 0.120833 0.172917
1 0.366667 0.790625 0.120833 0.172917
1 0.495833 0.790625 0.120833 0.172917
0 0.625000 0.790625 0.120833 0.172917
1 0.754167 0.790625 0.120833 0.172917
0 0.883333 0.790625 0.120833 0.172917