1 0.278906 0.076563 0.139063 0.053125
1 0.424219 0.076563 0.139063 0.053125
1 0.569531 0.076563 0.139063 0.053125
1 0.714844 0.076563 0.139063 0.053125
1 0.186719 0.261719 0.148438 0.048438
1 0.341406 0.261719 0.148438 0.048438
0 0.496094 0.261719 0.148438 0.048438
1 0.650781 0.261719 0.148438 0.048438
1 0.805469 0.261719 0.148438 0.048438
1 0.180469 0.452344 0.151562 0.064062
1 0.338281 0.452344 0.151562 0.064062
1 0.496094 0.452344 0.151562 0.064062
1 0.653906 0.452344 0.151562 0.064062
1 0.811719 0.452344 0.151562 0.064062
1 0.135156 0.648438 0.114062 0.059375
1 0.255469 0.648438 0.114062 0.059375
0 0.375781 0.648438 0.114062 0.059375
0 0.496094 0.648438 0.114062 0.059375
1 0.616406 0.648438 0.114062 0.059375
1 0.736719 0.648438 0.114062 0.059375
1 0.857031 0.648438 0.114062 0.059375