1 0.119792 0.157292 0.085417 0.164583
1 0.213542 0.157292 0.085417 0.164583
1 0.307292 0.157292 0.085417 0.164583
1 0.401042 0.157292 0.085417 0.164583
1 0.494792 0.157292 0.085417 0.164583
1 0.588542 0.157292 0.085417 0.164583
1 0.682292 0.157292 0.085417 0.164583
1 0.776042 0.157292 0.085417 0.164583
0 0.869792 0.157292 0.085417 0.164583
0 0.193750 0.523958 0.112500 0.189583
1 0.314583 0.523958 0.112500 0.189583
0 0.435417 0.523958 0.112500 0.189583
1 0.556250 0.523958 0.112500 0.189583
1 0.677083 0.523958 0.112500 0.189583
0 0.797917 0.523958 0.112500 0.189583