1 0.122396 0.121528 0.067708 0.128472
1 0.197049 0.121528 0.067708 0.128472
1 0.271701 0.121528 0.067708 0.128472
1 0.346354 0.121528 0.067708 0.128472
1 0.421007 0.121528 0.067708 0.128472
0 0.495660 0.121528 0.067708 0.128472
1 0.570312 0.121528 0.067708 0.128472
1 0.644965 0.121528 0.067708 0.128472
0 0.719618 0.121528 0.067708 0.128472
1 0.794271 0.121528 0.067708 0.128472
1 0.868924 0.121528 0.067708 0.128472
1 0.348090 0.444444 0.092014 0.173611
1 0.447049 0.444444 0.092014 0.173611
1 0.546007 0.444444 0.092014 0.173611
1 0.644965 0.444444 0.092014 0.173611
0 0.163194 0.763889 0.076389 0.121528
1 0.246528 0.763889 0.076389 0.121528
1 0.329861 0.763889 0.076389 0.121528
1 0.413194 0.763889 0.076389 0.121528
0 0.496528 0.763889 0.076389 0.121528
0 0.579861 0.763889 0.076389 0.121528
1 0.663194 0.763889 0.076389 0.121528
0 0.746528 0.763889 0.076389 0.121528
0 0.829861 0.763889 0.076389 0.121528