1 0.333333 0.161458 0.100000 0.152083
1 0.441667 0.161458 0.100000 0.152083
0 0.550000 0.161458 0.100000 0.152083
0 0.658333 0.161458 0.100000 0.152083
0 0.145833 0.441667 0.091667 0.150000
0 0.245833 0.441667 0.091667 0.150000
1 0.345833 0.441667 0.091667 0.150000
1 0.445833 0.441667 0.091667 0.150000
1 0.545833 0.441667 0.091667 0.150000
1 0.645833 0.441667 0.091667 0.150000
0 0.745833 0.441667 0.091667 0.150000
1 0.845833 0.441667 0.091667 0.150000
0 0.193750 0.728125 0.112500 0.164583
1 0.314583 0.728125 0.112500 0.164583
1 0.435417 0.728125 0.112500 0.164583
1 0.556250 0.728125 0.112500 0.164583
0 0.677083 0.728125 0.112500 0.164583
1 0.797917 0.728125 0.112500 0.164583