0 0.315625 0.120833 0.081250 0.137500
1 0.405208 0.120833 0.081250 0.137500
1 0.494792 0.120833 0.081250 0.137500
1 0.584375 0.120833 0.081250 0.137500
1 0.673958 0.120833 0.081250 0.137500
1 0.119792 0.411458 0.085417 0.135417
1 0.213542 0.411458 0.085417 0.135417
1 0.307292 0.411458 0.085417 0.135417
1 0.401042 0.411458 0.085417 0.135417
1 0.494792 0.411458 0.085417 0.135417
0 0.588542 0.411458 0.085417 0.135417
0 0.682292 0.411458 0.085417 0.135417
1 0.776042 0.411458 0.085417 0.135417
1 0.869792 0.411458 0.085417 0.135417