1 0.110156 0.060937 0.148438 0.056250
1 0.264844 0.060937 0.148438 0.056250
1 0.419531 0.060937 0.148438 0.056250
1 0.574219 0.060937 0.148438 0.056250
1 0.728906 0.060937 0.148438 0.056250
1 0.883594 0.060937 0.148438 0.056250
1 0.178125 0.242188 0.153125 0.056250
1 0.337500 0.242188 0.153125 0.056250
0 0.496875 0.242188 0.153125 0.056250
1 0.656250 0.242188 0.153125 0.056250
1 0.815625 0.242188 0.153125 0.056250
1 0.180469 0.425000 0.151562 0.059375
1 0.338281 0.425000 0.151562 0.059375
0 0.496094 0.425000 0.151562 0.059375
1 0.653906 0.425000 0.151562 0.059375
0 0.811719 0.425000 0.151562 0.059375
1 0.160938 0.612500 0.128125 0.065625
1 0.295312 0.612500 0.128125 0.065625
1 0.429688 0.612500 0.128125 0.065625
0 0.564063 0.612500 0.128125 0.065625
1 0.698438 0.612500 0.128125 0.065625
1 0.832812 0.612500 0.128125 0.065625
1 0.133594 0.805469 0.139063 0.070312
1 0.278906 0.805469 0.139063 0.070312
1 0.424219 0.805469 0.139063 0.070312
1 0.569531 0.805469 0.139063 0.070312
1 0.714844 0.805469 0.139063 0.070312
1 0.860156 0.805469 0.139063 0.070312