1 0.376736 0.105903 0.072917 0.128472
1 0.456597 0.105903 0.072917 0.128472
0 0.536458 0.105903 0.072917 0.128472
1 0.616319 0.105903 0.072917 0.128472
1 0.318576 0.343750 0.064236 0.114583
1 0.389757 0.343750 0.064236 0.114583
0 0.460938 0.343750 0.064236 0.114583
0 0.532118 0.343750 0.064236 0.114583
1 0.603299 0.343750 0.064236 0.114583
1 0.674479 0.343750 0.064236 0.114583
1 0.156250 0.585069 0.090278 0.135417
1 0.253472 0.585069 0.090278 0.135417
1 0.350694 0.585069 0.090278 0.135417
1 0.447917 0.585069 0.090278 0.135417
1 0.545139 0.585069 0.090278 0.135417
1 0.642361 0.585069 0.090278 0.135417
1 0.739583 0.585069 0.090278 0.135417
1 0.836806 0.585069 0.090278 0.135417
1 0.290799 0.829861 0.095486 0.121528
0 0.393229 0.829861 0.095486 0.121528
0 0.495660 0.829861 0.095486 0.121528
0 0.598090 0.829861 0.095486 0.121528
1 0.700521 0.829861 0.095486 0.121528