1 0.187500 0.131250 0.145833 0.075000
1 0.341667 0.131250 0.145833 0.075000
1 0.495833 0.131250 0.145833 0.075000
0 0.650000 0.131250 0.145833 0.075000
1 0.804167 0.131250 0.145833 0.075000
0 0.208333 0.415625 0.183333 0.077083
1 0.400000 0.415625 0.183333 0.077083
1 0.591667 0.415625 0.183333 0.077083
0 0.783333 0.415625 0.183333 0.077083
1 0.179167 0.706250 0.150000 0.087500
1 0.337500 0.706250 0.150000 0.087500
0 0.495833 0.706250 0.150000 0.087500
0 0.654167 0.706250 0.150000 0.087500
1 0.812500 0.706250 0.150000 0.087500