1 0.172852 0.178711 0.099609 0.181641
0 0.280273 0.178711 0.099609 0.181641
1 0.387695 0.178711 0.099609 0.181641
1 0.495117 0.178711 0.099609 0.181641
1 0.602539 0.178711 0.099609 0.181641
1 0.709961 0.178711 0.099609 0.181641
1 0.817383 0.178711 0.099609 0.181641
0 0.324219 0.458008 0.078125 0.142578
1 0.410156 0.458008 0.078125 0.142578
1 0.496094 0.458008 0.078125 0.142578
1 0.582031 0.458008 0.078125 0.142578
0 0.667969 0.458008 0.078125 0.142578
1 0.140625 0.713867 0.093750 0.134766
0 0.242188 0.713867 0.093750 0.134766
1 0.343750 0.713867 0.093750 0.134766
0 0.445312 0.713867 0.093750 0.134766
0 0.546875 0.713867 0.093750 0.134766
0 0.648438 0.713867 0.093750 0.134766
0 0.750000 0.713867 0.093750 0.134766
1 0.851562 0.713867 0.093750 0.134766