1 0.198785 0.132812 0.078125 0.123264
1 0.283854 0.132812 0.078125 0.123264
1 0.368924 0.132812 0.078125 0.123264
1 0.453993 0.132812 0.078125 0.123264
0 0.539062 0.132812 0.078125 0.123264
1 0.624132 0.132812 0.078125 0.123264
1 0.709201 0.132812 0.078125 0.123264
1 0.794271 0.132812 0.078125 0.123264
1 0.150174 0.414062 0.092014 0.116319
0 0.249132 0.414062 0.092014 0.116319
1 0.348090 0.414062 0.092014 0.116319
0 0.447049 0.414062 0.092014 0.116319
1 0.546007 0.414062 0.092014 0.116319
0 0.644965 0.414062 0.092014 0.116319
0 0.743924 0.414062 0.092014 0.116319
0 0.842882 0.414062 0.092014 0.116319
1 0.139757 0.716146 0.064236 0.164931
1 0.210938 0.716146 0.064236 0.164931
1 0.282118 0.716146 0.064236 0.164931
0 0.353299 0.716146 0.064236 0.164931
0 0.424479 0.716146 0.064236 0.164931
1 0.495660 0.716146 0.064236 0.164931
1 0.566840 0.716146 0.064236 0.164931
1 0.638021 0.716146 0.064236 0.164931
1 0.709201 0.716146 0.064236 0.164931
1 0.780382 0.716146 0.064236 0.164931
0 0.851562 0.716146 0.064236 0.164931