0 0.323958 0.148958 0.077083 0.181250
1 0.409375 0.148958 0.077083 0.181250
1 0.494792 0.148958 0.077083 0.181250
1 0.580208 0.148958 0.077083 0.181250
1 0.665625 0.148958 0.077083 0.181250
0 0.138542 0.492708 0.093750 0.147917
1 0.240625 0.492708 0.093750 0.147917
0 0.342708 0.492708 0.093750 0.147917
0 0.444792 0.492708 0.093750 0.147917
0 0.546875 0.492708 0.093750 0.147917
1 0.648958 0.492708 0.093750 0.147917
0 0.751042 0.492708 0.093750 0.147917
1 0.853125 0.492708 0.093750 0.147917
0 0.133333 0.831250 0.112500 0.170833
1 0.254167 0.831250 0.112500 0.170833
1 0.375000 0.831250 0.112500 0.170833
1 0.495833 0.831250 0.112500 0.170833
1 0.616667 0.831250 0.112500 0.170833
1 0.737500 0.831250 0.112500 0.170833
1 0.858333 0.831250 0.112500 0.170833