0 0.172656 0.125000 0.101562 0.109375
1 0.280469 0.125000 0.101562 0.109375
1 0.388281 0.125000 0.101562 0.109375
0 0.496094 0.125000 0.101562 0.109375
1 0.603906 0.125000 0.101562 0.109375
1 0.711719 0.125000 0.101562 0.109375
1 0.819531 0.125000 0.101562 0.109375
1 0.152344 0.386719 0.079687 0.135937
1 0.238281 0.386719 0.079687 0.135937
1 0.324219 0.386719 0.079687 0.135937
1 0.410156 0.386719 0.079687 0.135937
1 0.496094 0.386719 0.079687 0.135937
1 0.582031 0.386719 0.079687 0.135937
1 0.667969 0.386719 0.079687 0.135937
0 0.753906 0.386719 0.079687 0.135937
1 0.839844 0.386719 0.079687 0.135937