1 0.249023 0.145508 0.115234 0.138672
1 0.372070 0.145508 0.115234 0.138672
1 0.495117 0.145508 0.115234 0.138672
0 0.618164 0.145508 0.115234 0.138672
1 0.741211 0.145508 0.115234 0.138672
1 0.302734 0.425781 0.121094 0.187500
1 0.431641 0.425781 0.121094 0.187500
1 0.560547 0.425781 0.121094 0.187500
1 0.689453 0.425781 0.121094 0.187500
1 0.136719 0.711914 0.082031 0.150391
1 0.226562 0.711914 0.082031 0.150391
0 0.316406 0.711914 0.082031 0.150391
1 0.406250 0.711914 0.082031 0.150391
1 0.496094 0.711914 0.082031 0.150391
1 0.585938 0.711914 0.082031 0.150391
1 0.675781 0.711914 0.082031 0.150391
1 0.765625 0.711914 0.082031 0.150391
1 0.855469 0.711914 0.082031 0.150391