1 0.137500 0.067187 0.137500 0.056250
1 0.281250 0.067187 0.137500 0.056250
1 0.425000 0.067187 0.137500 0.056250
1 0.568750 0.067187 0.137500 0.056250
1 0.712500 0.067187 0.137500 0.056250
0 0.856250 0.067187 0.137500 0.056250
1 0.253125 0.264844 0.115625 0.070312
1 0.375000 0.264844 0.115625 0.070312
1 0.496875 0.264844 0.115625 0.070312
0 0.618750 0.264844 0.115625 0.070312
1 0.740625 0.264844 0.115625 0.070312
0 0.164844 0.467187 0.126562 0.065625
1 0.297656 0.467187 0.126562 0.065625
1 0.430469 0.467187 0.126562 0.065625
0 0.563281 0.467187 0.126562 0.065625
0 0.696094 0.467187 0.126562 0.065625
0 0.828906 0.467187 0.126562 0.065625
1 0.116406 0.664062 0.120313 0.059375
1 0.242969 0.664062 0.120313 0.059375
1 0.369531 0.664062 0.120313 0.059375
0 0.496094 0.664062 0.120313 0.059375
1 0.622656 0.664062 0.120313 0.059375
0 0.749219 0.664062 0.120313 0.059375
1 0.875781 0.664062 0.120313 0.059375