1 0.279514 0.158854 0.079861 0.171875
0 0.366319 0.158854 0.079861 0.171875
0 0.453125 0.158854 0.079861 0.171875
0 0.539931 0.158854 0.079861 0.171875
1 0.626736 0.158854 0.079861 0.171875
1 0.713542 0.158854 0.079861 0.171875
1 0.167535 0.438368 0.102431 0.140625
1 0.276910 0.438368 0.102431 0.140625
0 0.386285 0.438368 0.102431 0.140625
0 0.495660 0.438368 0.102431 0.140625
0 0.605035 0.438368 0.102431 0.140625
1 0.714410 0.438368 0.102431 0.140625
1 0.823785 0.438368 0.102431 0.140625
1 0.156250 0.704861 0.090278 0.145833
0 0.253472 0.704861 0.090278 0.145833
0 0.350694 0.704861 0.090278 0.145833
0 0.447917 0.704861 0.090278 0.145833
1 0.545139 0.704861 0.090278 0.145833
1 0.642361 0.704861 0.090278 0.145833
1 0.739583 0.704861 0.090278 0.145833
1 0.836806 0.704861 0.090278 0.145833