0 0.134375 0.126562 0.084375 0.143750
1 0.225000 0.126562 0.084375 0.143750
1 0.315625 0.126562 0.084375 0.143750
1 0.406250 0.126562 0.084375 0.143750
1 0.496875 0.126562 0.084375 0.143750
1 0.587500 0.126562 0.084375 0.143750
1 0.678125 0.126562 0.084375 0.143750
0 0.768750 0.126562 0.084375 0.143750
1 0.859375 0.126562 0.084375 0.143750
1 0.127344 0.386719 0.085938 0.148438
0 0.219531 0.386719 0.085938 0.148438
0 0.311719 0.386719 0.085938 0.148438
1 0.403906 0.386719 0.085938 0.148438
1 0.496094 0.386719 0.085938 0.148438
0 0.588281 0.386719 0.085938 0.148438
1 0.680469 0.386719 0.085938 0.148438
1 0.772656 0.386719 0.085938 0.148438
1 0.864844 0.386719 0.085938 0.148438
0 0.349219 0.635938 0.067187 0.121875
1 0.422656 0.635938 0.067187 0.121875
0 0.496094 0.635938 0.067187 0.121875
0 0.569531 0.635938 0.067187 0.121875
1 0.642969 0.635938 0.067187 0.121875
1 0.309375 0.868750 0.087500 0.115625
1 0.403125 0.868750 0.087500 0.115625
1 0.496875 0.868750 0.087500 0.115625
1 0.590625 0.868750 0.087500 0.115625
0 0.684375 0.868750 0.087500 0.115625