1 0.136458 0.153125 0.081250 0.135417
1 0.226042 0.153125 0.081250 0.135417
1 0.315625 0.153125 0.081250 0.135417
1 0.405208 0.153125 0.081250 0.135417
0 0.494792 0.153125 0.081250 0.135417
1 0.584375 0.153125 0.081250 0.135417
1 0.673958 0.153125 0.081250 0.135417
1 0.763542 0.153125 0.081250 0.135417
1 0.853125 0.153125 0.081250 0.135417
1 0.367708 0.428125 0.077083 0.156250
1 0.453125 0.428125 0.077083 0.156250
0 0.538542 0.428125 0.077083 0.156250
1 0.623958 0.428125 0.077083 0.156250
0 0.220833 0.706250 0.083333 0.141667
1 0.312500 0.706250 0.083333 0.141667
0 0.404167 0.706250 0.083333 0.141667
1 0.495833 0.706250 0.083333 0.141667
1 0.587500 0.706250 0.083333 0.141667
1 0.679167 0.706250 0.083333 0.141667
1 0.770833 0.706250 0.083333 0.141667