1 0.332465 0.140625 0.074653 0.125000
0 0.414062 0.140625 0.074653 0.125000
0 0.495660 0.140625 0.074653 0.125000
1 0.577257 0.140625 0.074653 0.125000
1 0.658854 0.140625 0.074653 0.125000
0 0.129340 0.372396 0.074653 0.126736
1 0.210938 0.372396 0.074653 0.126736
0 0.292535 0.372396 0.074653 0.126736
0 0.374132 0.372396 0.074653 0.126736
0 0.455729 0.372396 0.074653 0.126736
1 0.537326 0.372396 0.074653 0.126736
0 0.618924 0.372396 0.074653 0.126736
0 0.700521 0.372396 0.074653 0.126736
1 0.782118 0.372396 0.074653 0.126736
1 0.863715 0.372396 0.074653 0.126736
0 0.142361 0.628472 0.111111 0.173611
0 0.260417 0.628472 0.111111 0.173611
0 0.378472 0.628472 0.111111 0.173611
0 0.496528 0.628472 0.111111 0.173611
0 0.614583 0.628472 0.111111 0.173611
1 0.732639 0.628472 0.111111 0.173611
0 0.850694 0.628472 0.111111 0.173611