1 0.124219 0.128125 0.076563 0.106250
0 0.207031 0.128125 0.076563 0.106250
0 0.289844 0.128125 0.076563 0.106250
1 0.372656 0.128125 0.076563 0.106250
1 0.455469 0.128125 0.076563 0.106250
1 0.538281 0.128125 0.076563 0.106250
1 0.621094 0.128125 0.076563 0.106250
1 0.703906 0.128125 0.076563 0.106250
0 0.786719 0.128125 0.076563 0.106250
0 0.869531 0.128125 0.076563 0.106250
1 0.134375 0.343750 0.084375 0.121875
1 0.225000 0.343750 0.084375 0.121875
1 0.315625 0.343750 0.084375 0.121875
1 0.406250 0.343750 0.084375 0.121875
1 0.496875 0.343750 0.084375 0.121875
0 0.587500 0.343750 0.084375 0.121875
1 0.678125 0.343750 0.084375 0.121875
0 0.768750 0.343750 0.084375 0.121875
1 0.859375 0.343750 0.084375 0.121875
1 0.135937 0.571875 0.096875 0.131250
1 0.239063 0.571875 0.096875 0.131250
1 0.342187 0.571875 0.096875 0.131250
0 0.445312 0.571875 0.096875 0.131250
1 0.548438 0.571875 0.096875 0.131250
1 0.651563 0.571875 0.096875 0.131250
1 0.754687 0.571875 0.096875 0.131250
1 0.857812 0.571875 0.096875 0.131250