0 0.288281 0.067187 0.132812 0.059375
0 0.427344 0.067187 0.132812 0.059375
1 0.566406 0.067187 0.132812 0.059375
1 0.705469 0.067187 0.132812 0.059375
1 0.180469 0.263281 0.151562 0.048438
1 0.338281 0.263281 0.151562 0.048438
1 0.496094 0.263281 0.151562 0.048438
0 0.653906 0.263281 0.151562 0.048438
0 0.811719 0.263281 0.151562 0.048438
1 0.304688 0.460156 0.121875 0.060937
1 0.432812 0.460156 0.121875 0.060937
0 0.560937 0.460156 0.121875 0.060937
1 0.689063 0.460156 0.121875 0.060937
0 0.107031 0.657813 0.123438 0.050000
0 0.236719 0.657813 0.123438 0.050000
1 0.366406 0.657813 0.123438 0.050000
1 0.496094 0.657813 0.123438 0.050000
1 0.625781 0.657813 0.123438 0.050000
0 0.755469 0.657813 0.123438 0.050000
1 0.885156 0.657813 0.123438 0.050000