1 0.096094 0.106250 0.082812 0.137500
1 0.185156 0.106250 0.082812 0.137500
1 0.274219 0.106250 0.082812 0.137500
1 0.363281 0.106250 0.082812 0.137500
0 0.452344 0.106250 0.082812 0.137500
1 0.541406 0.106250 0.082812 0.137500
1 0.630469 0.106250 0.082812 0.137500
1 0.719531 0.106250 0.082812 0.137500
0 0.808594 0.106250 0.082812 0.137500
0 0.897656 0.106250 0.082812 0.137500
1 0.313281 0.364063 0.067187 0.106250
1 0.386719 0.364063 0.067187 0.106250
1 0.460156 0.364063 0.067187 0.106250
0 0.533594 0.364063 0.067187 0.106250
1 0.607031 0.364063 0.067187 0.106250
1 0.680469 0.364063 0.067187 0.106250
0 0.160156 0.608594 0.060937 0.110937
1 0.227344 0.608594 0.060937 0.110937
1 0.294531 0.608594 0.060937 0.110937
1 0.361719 0.608594 0.060937 0.110937
1 0.428906 0.608594 0.060937 0.110937
1 0.496094 0.608594 0.060937 0.110937
1 0.563281 0.608594 0.060937 0.110937
0 0.630469 0.608594 0.060937 0.110937
1 0.697656 0.608594 0.060937 0.110937
0 0.764844 0.608594 0.060937 0.110937
1 0.832031 0.608594 0.060937 0.110937
0 0.180469 0.855469 0.064062 0.110937
1 0.250781 0.855469 0.064062 0.110937
1 0.321094 0.855469 0.064062 0.110937
1 0.391406 0.855469 0.064062 0.110937
0 0.461719 0.855469 0.064062 0.110937
0 0.532031 0.855469 0.064062 0.110937
0 0.602344 0.855469 0.064062 0.110937
1 0.672656 0.855469 0.064062 0.110937
1 0.742969 0.855469 0.064062 0.110937
1 0.813281 0.855469 0.064062 0.110937