1 0.118990 0.163462 0.084135 0.206731
1 0.212740 0.163462 0.084135 0.206731
1 0.306490 0.163462 0.084135 0.206731
1 0.400240 0.163462 0.084135 0.206731
1 0.493990 0.163462 0.084135 0.206731
0 0.587740 0.163462 0.084135 0.206731
1 0.681490 0.163462 0.084135 0.206731
1 0.775240 0.163462 0.084135 0.206731
0 0.868990 0.163462 0.084135 0.206731
1 0.155048 0.554087 0.103365 0.237981
0 0.268029 0.554087 0.103365 0.237981
0 0.381010 0.554087 0.103365 0.237981
1 0.493990 0.554087 0.103365 0.237981
0 0.606971 0.554087 0.103365 0.237981
1 0.719952 0.554087 0.103365 0.237981
1 0.832933 0.554087 0.103365 0.237981