1 0.140625 0.163462 0.108173 0.163462
0 0.258413 0.163462 0.108173 0.163462
1 0.376202 0.163462 0.108173 0.163462
0 0.493990 0.163462 0.108173 0.163462
1 0.611779 0.163462 0.108173 0.163462
1 0.729567 0.163462 0.108173 0.163462
1 0.847356 0.163462 0.108173 0.163462
0 0.150240 0.558894 0.088942 0.223558
1 0.248798 0.558894 0.088942 0.223558
0 0.347356 0.558894 0.088942 0.223558
0 0.445913 0.558894 0.088942 0.223558
0 0.544471 0.558894 0.088942 0.223558
1 0.643029 0.558894 0.088942 0.223558
1 0.741587 0.558894 0.088942 0.223558
1 0.840144 0.558894 0.088942 0.223558