1 0.177083 0.117188 0.072917 0.137153
1 0.256944 0.117188 0.072917 0.137153
0 0.336806 0.117188 0.072917 0.137153
1 0.416667 0.117188 0.072917 0.137153
0 0.496528 0.117188 0.072917 0.137153
1 0.576389 0.117188 0.072917 0.137153
1 0.656250 0.117188 0.072917 0.137153
1 0.736111 0.117188 0.072917 0.137153
1 0.815972 0.117188 0.072917 0.137153
0 0.342882 0.421007 0.095486 0.161458
0 0.445312 0.421007 0.095486 0.161458
1 0.547743 0.421007 0.095486 0.161458
1 0.650174 0.421007 0.095486 0.161458
1 0.297743 0.736111 0.092014 0.159722
1 0.396701 0.736111 0.092014 0.159722
1 0.495660 0.736111 0.092014 0.159722
1 0.594618 0.736111 0.092014 0.159722
1 0.693576 0.736111 0.092014 0.159722