1 0.189844 0.147656 0.070312 0.148438
1 0.266406 0.147656 0.070312 0.148438
0 0.342969 0.147656 0.070312 0.148438
1 0.419531 0.147656 0.070312 0.148438
1 0.496094 0.147656 0.070312 0.148438
1 0.572656 0.147656 0.070312 0.148438
1 0.649219 0.147656 0.070312 0.148438
0 0.725781 0.147656 0.070312 0.148438
1 0.802344 0.147656 0.070312 0.148438
1 0.113281 0.389844 0.070312 0.126562
1 0.189844 0.389844 0.070312 0.126562
1 0.266406 0.389844 0.070312 0.126562
1 0.342969 0.389844 0.070312 0.126562
0 0.419531 0.389844 0.070312 0.126562
1 0.496094 0.389844 0.070312 0.126562
1 0.572656 0.389844 0.070312 0.126562
0 0.649219 0.389844 0.070312 0.126562
1 0.725781 0.389844 0.070312 0.126562
0 0.802344 0.389844 0.070312 0.126562
0 0.878906 0.389844 0.070312 0.126562