1 0.238281 0.117188 0.079687 0.103125
1 0.324219 0.117188 0.079687 0.103125
1 0.410156 0.117188 0.079687 0.103125
1 0.496094 0.117188 0.079687 0.103125
0 0.582031 0.117188 0.079687 0.103125
0 0.667969 0.117188 0.079687 0.103125
1 0.753906 0.117188 0.079687 0.103125
1 0.166406 0.351562 0.067187 0.125000
1 0.239844 0.351562 0.067187 0.125000
0 0.313281 0.351562 0.067187 0.125000
1 0.386719 0.351562 0.067187 0.125000
1 0.460156 0.351562 0.067187 0.125000
1 0.533594 0.351562 0.067187 0.125000
1 0.607031 0.351562 0.067187 0.125000
1 0.680469 0.351562 0.067187 0.125000
1 0.753906 0.351562 0.067187 0.125000
1 0.827344 0.351562 0.067187 0.125000
0 0.219531 0.598437 0.085938 0.128125
1 0.311719 0.598437 0.085938 0.128125
1 0.403906 0.598437 0.085938 0.128125
1 0.496094 0.598437 0.085938 0.128125
0 0.588281 0.598437 0.085938 0.128125
0 0.680469 0.598437 0.085938 0.128125
1 0.772656 0.598437 0.085938 0.128125
1 0.257031 0.850781 0.073438 0.135937
1 0.336719 0.850781 0.073438 0.135937
1 0.416406 0.850781 0.073438 0.135937
1 0.496094 0.850781 0.073438 0.135937
0 0.575781 0.850781 0.073438 0.135937
1 0.655469 0.850781 0.073438 0.135937
1 0.735156 0.850781 0.073438 0.135937