1 0.225586 0.167969 0.126953 0.164062
1 0.360352 0.167969 0.126953 0.164062
0 0.495117 0.167969 0.126953 0.164062
1 0.629883 0.167969 0.126953 0.164062
1 0.764648 0.167969 0.126953 0.164062
1 0.373047 0.449219 0.074219 0.140625
0 0.455078 0.449219 0.074219 0.140625
1 0.537109 0.449219 0.074219 0.140625
1 0.619141 0.449219 0.074219 0.140625
1 0.156250 0.734375 0.105469 0.171875
1 0.269531 0.734375 0.105469 0.171875
0 0.382812 0.734375 0.105469 0.171875
1 0.496094 0.734375 0.105469 0.171875
1 0.609375 0.734375 0.105469 0.171875
0 0.722656 0.734375 0.105469 0.171875
1 0.835938 0.734375 0.105469 0.171875