0 0.295139 0.161458 0.093750 0.173611
0 0.395833 0.161458 0.093750 0.173611
1 0.496528 0.161458 0.093750 0.173611
1 0.597222 0.161458 0.093750 0.173611
0 0.697917 0.161458 0.093750 0.173611
1 0.163194 0.488715 0.104167 0.140625
1 0.274306 0.488715 0.104167 0.140625
0 0.385417 0.488715 0.104167 0.140625
1 0.496528 0.488715 0.104167 0.140625
1 0.607639 0.488715 0.104167 0.140625
1 0.718750 0.488715 0.104167 0.140625
1 0.829861 0.488715 0.104167 0.140625
0 0.301215 0.812500 0.071181 0.166667
1 0.379340 0.812500 0.071181 0.166667
1 0.457465 0.812500 0.071181 0.166667
0 0.535590 0.812500 0.071181 0.166667
1 0.613715 0.812500 0.071181 0.166667
0 0.691840 0.812500 0.071181 0.166667