1 0.214410 0.121528 0.133681 0.076389
0 0.355035 0.121528 0.133681 0.076389
1 0.495660 0.121528 0.133681 0.076389
1 0.636285 0.121528 0.133681 0.076389
0 0.776910 0.121528 0.133681 0.076389
1 0.175347 0.300347 0.121528 0.072917
0 0.303819 0.300347 0.121528 0.072917
1 0.432292 0.300347 0.121528 0.072917
0 0.560764 0.300347 0.121528 0.072917
1 0.689236 0.300347 0.121528 0.072917
0 0.817708 0.300347 0.121528 0.072917
1 0.211806 0.469618 0.135417 0.057292
0 0.354167 0.469618 0.135417 0.057292
1 0.496528 0.469618 0.135417 0.057292
1 0.638889 0.469618 0.135417 0.057292
0 0.781250 0.469618 0.135417 0.057292
0 0.157986 0.630208 0.128472 0.055556
1 0.293403 0.630208 0.128472 0.055556
1 0.428819 0.630208 0.128472 0.055556
1 0.564236 0.630208 0.128472 0.055556
1 0.699653 0.630208 0.128472 0.055556
1 0.835069 0.630208 0.128472 0.055556