1 0.129167 0.151042 0.083333 0.172917
0 0.220833 0.151042 0.083333 0.172917
1 0.312500 0.151042 0.083333 0.172917
1 0.404167 0.151042 0.083333 0.172917
1 0.495833 0.151042 0.083333 0.172917
0 0.587500 0.151042 0.083333 0.172917
1 0.679167 0.151042 0.083333 0.172917
1 0.770833 0.151042 0.083333 0.172917
1 0.862500 0.151042 0.083333 0.172917
1 0.245833 0.515625 0.116667 0.185417
1 0.370833 0.515625 0.116667 0.185417
1 0.495833 0.515625 0.116667 0.185417
0 0.620833 0.515625 0.116667 0.185417
1 0.745833 0.515625 0.116667 0.185417