1 0.143555 0.189453 0.080078 0.183594
1 0.231445 0.189453 0.080078 0.183594
0 0.319336 0.189453 0.080078 0.183594
0 0.407227 0.189453 0.080078 0.183594
1 0.495117 0.189453 0.080078 0.183594
1 0.583008 0.189453 0.080078 0.183594
0 0.670898 0.189453 0.080078 0.183594
0 0.758789 0.189453 0.080078 0.183594
1 0.846680 0.189453 0.080078 0.183594
1 0.202148 0.486328 0.076172 0.140625
0 0.286133 0.486328 0.076172 0.140625
1 0.370117 0.486328 0.076172 0.140625
1 0.454102 0.486328 0.076172 0.140625
0 0.538086 0.486328 0.076172 0.140625
1 0.622070 0.486328 0.076172 0.140625
1 0.706055 0.486328 0.076172 0.140625
1 0.790039 0.486328 0.076172 0.140625
1 0.295898 0.754883 0.091797 0.126953
0 0.395508 0.754883 0.091797 0.126953
1 0.495117 0.754883 0.091797 0.126953
1 0.594727 0.754883 0.091797 0.126953
1 0.694336 0.754883 0.091797 0.126953