1 0.295898 0.166992 0.091797 0.166016
1 0.395508 0.166992 0.091797 0.166016
1 0.495117 0.166992 0.091797 0.166016
1 0.594727 0.166992 0.091797 0.166016
1 0.694336 0.166992 0.091797 0.166016
1 0.193359 0.461914 0.113281 0.138672
1 0.314453 0.461914 0.113281 0.138672
1 0.435547 0.461914 0.113281 0.138672
0 0.556641 0.461914 0.113281 0.138672
1 0.677734 0.461914 0.113281 0.138672
1 0.798828 0.461914 0.113281 0.138672
0 0.168945 0.759766 0.123047 0.171875
1 0.299805 0.759766 0.123047 0.171875
0 0.430664 0.759766 0.123047 0.171875
1 0.561523 0.759766 0.123047 0.171875
1 0.692383 0.759766 0.123047 0.171875
1 0.823242 0.759766 0.123047 0.171875