0 0.262500 0.078125 0.150000 0.056250
1 0.418750 0.078125 0.150000 0.056250
1 0.575000 0.078125 0.150000 0.056250
1 0.731250 0.078125 0.150000 0.056250
1 0.145313 0.245312 0.134375 0.053125
0 0.285938 0.245312 0.134375 0.053125
1 0.426563 0.245312 0.134375 0.053125
1 0.567187 0.245312 0.134375 0.053125
1 0.707812 0.245312 0.134375 0.053125
1 0.848437 0.245312 0.134375 0.053125
0 0.160938 0.417969 0.128125 0.067187
1 0.295312 0.417969 0.128125 0.067187
1 0.429688 0.417969 0.128125 0.067187
0 0.564063 0.417969 0.128125 0.067187
1 0.698438 0.417969 0.128125 0.067187
1 0.832812 0.417969 0.128125 0.067187
1 0.285938 0.589063 0.134375 0.050000
0 0.426563 0.589063 0.134375 0.050000
0 0.567187 0.589063 0.134375 0.050000
1 0.707812 0.589063 0.134375 0.050000