0 0.224760 0.176683 0.098558 0.209135
1 0.332933 0.176683 0.098558 0.209135
1 0.441106 0.176683 0.098558 0.209135
0 0.549279 0.176683 0.098558 0.209135
1 0.657452 0.176683 0.098558 0.209135
1 0.765625 0.176683 0.098558 0.209135
0 0.141827 0.549279 0.091346 0.204327
1 0.242788 0.549279 0.091346 0.204327
0 0.343750 0.549279 0.091346 0.204327
1 0.444712 0.549279 0.091346 0.204327
0 0.545673 0.549279 0.091346 0.204327
0 0.646635 0.549279 0.091346 0.204327
0 0.747596 0.549279 0.091346 0.204327
1 0.848558 0.549279 0.091346 0.204327