1 0.208008 0.104492 0.107422 0.130859
0 0.323242 0.104492 0.107422 0.130859
0 0.438477 0.104492 0.107422 0.130859
0 0.553711 0.104492 0.107422 0.130859
1 0.668945 0.104492 0.107422 0.130859
1 0.784180 0.104492 0.107422 0.130859
0 0.352539 0.386719 0.087891 0.148438
0 0.448242 0.386719 0.087891 0.148438
1 0.543945 0.386719 0.087891 0.148438
1 0.639648 0.386719 0.087891 0.148438
1 0.217773 0.673828 0.103516 0.140625
1 0.329102 0.673828 0.103516 0.140625
1 0.440430 0.673828 0.103516 0.140625
1 0.551758 0.673828 0.103516 0.140625
1 0.663086 0.673828 0.103516 0.140625
1 0.774414 0.673828 0.103516 0.140625