1 0.379340 0.138021 0.071181 0.144097
1 0.457465 0.138021 0.071181 0.144097
1 0.535590 0.138021 0.071181 0.144097
1 0.613715 0.138021 0.071181 0.144097
0 0.105035 0.389757 0.071181 0.123264
1 0.183160 0.389757 0.071181 0.123264
1 0.261285 0.389757 0.071181 0.123264
1 0.339410 0.389757 0.071181 0.123264
0 0.417535 0.389757 0.071181 0.123264
1 0.495660 0.389757 0.071181 0.123264
1 0.573785 0.389757 0.071181 0.123264
0 0.651910 0.389757 0.071181 0.123264
0 0.730035 0.389757 0.071181 0.123264
1 0.808160 0.389757 0.071181 0.123264
1 0.886285 0.389757 0.071181 0.123264