1 0.318576 0.115451 0.064236 0.161458
1 0.389757 0.115451 0.064236 0.161458
1 0.460938 0.115451 0.064236 0.161458
1 0.532118 0.115451 0.064236 0.161458
1 0.603299 0.115451 0.064236 0.161458
1 0.674479 0.115451 0.064236 0.161458
1 0.357639 0.422743 0.062500 0.126736
0 0.427083 0.422743 0.062500 0.126736
1 0.496528 0.422743 0.062500 0.126736
1 0.565972 0.422743 0.062500 0.126736
1 0.635417 0.422743 0.062500 0.126736
1 0.090278 0.736111 0.083333 0.173611
0 0.180556 0.736111 0.083333 0.173611
0 0.270833 0.736111 0.083333 0.173611
0 0.361111 0.736111 0.083333 0.173611
1 0.451389 0.736111 0.083333 0.173611
1 0.541667 0.736111 0.083333 0.173611
1 0.631944 0.736111 0.083333 0.173611
0 0.722222 0.736111 0.083333 0.173611
0 0.812500 0.736111 0.083333 0.173611
1 0.902778 0.736111 0.083333 0.173611