1 0.371528 0.131076 0.076389 0.126736
0 0.454861 0.131076 0.076389 0.126736
0 0.538194 0.131076 0.076389 0.126736
1 0.621528 0.131076 0.076389 0.126736
1 0.263021 0.442708 0.109375 0.159722
0 0.379340 0.442708 0.109375 0.159722
1 0.495660 0.442708 0.109375 0.159722
0 0.611979 0.442708 0.109375 0.159722
1 0.728299 0.442708 0.109375 0.159722
1 0.121528 0.757812 0.076389 0.133681
1 0.204861 0.757812 0.076389 0.133681
0 0.288194 0.757812 0.076389 0.133681
0 0.371528 0.757812 0.076389 0.133681
1 0.454861 0.757812 0.076389 0.133681
0 0.538194 0.757812 0.076389 0.133681
1 0.621528 0.757812 0.076389 0.133681
1 0.704861 0.757812 0.076389 0.133681
1 0.788194 0.757812 0.076389 0.133681
0 0.871528 0.757812 0.076389 0.133681