1 0.157986 0.106771 0.128472 0.067708
1 0.293403 0.106771 0.128472 0.067708
1 0.428819 0.106771 0.128472 0.067708
1 0.564236 0.106771 0.128472 0.067708
1 0.699653 0.106771 0.128472 0.067708
1 0.835069 0.106771 0.128472 0.067708
1 0.228299 0.330729 0.171875 0.053819
1 0.407118 0.330729 0.171875 0.053819
0 0.585938 0.330729 0.171875 0.053819
1 0.764757 0.330729 0.171875 0.053819
1 0.235243 0.556424 0.123264 0.071181
0 0.365451 0.556424 0.123264 0.071181
1 0.495660 0.556424 0.123264 0.071181
0 0.625868 0.556424 0.123264 0.071181
1 0.756076 0.556424 0.123264 0.071181
0 0.170139 0.784722 0.156250 0.059028
0 0.333333 0.784722 0.156250 0.059028
1 0.496528 0.784722 0.156250 0.059028
1 0.659722 0.784722 0.156250 0.059028
0 0.822917 0.784722 0.156250 0.059028