1 0.195833 0.163542 0.091667 0.164583
1 0.295833 0.163542 0.091667 0.164583
1 0.395833 0.163542 0.091667 0.164583
1 0.495833 0.163542 0.091667 0.164583
0 0.595833 0.163542 0.091667 0.164583
1 0.695833 0.163542 0.091667 0.164583
1 0.795833 0.163542 0.091667 0.164583
1 0.196875 0.469792 0.077083 0.189583
1 0.282292 0.469792 0.077083 0.189583
1 0.367708 0.469792 0.077083 0.189583
1 0.453125 0.469792 0.077083 0.189583
0 0.538542 0.469792 0.077083 0.189583
1 0.623958 0.469792 0.077083 0.189583
0 0.709375 0.469792 0.077083 0.189583
0 0.794792 0.469792 0.077083 0.189583
1 0.240625 0.771875 0.093750 0.156250
1 0.342708 0.771875 0.093750 0.156250
1 0.444792 0.771875 0.093750 0.156250
1 0.546875 0.771875 0.093750 0.156250
0 0.648958 0.771875 0.093750 0.156250
0 0.751042 0.771875 0.093750 0.156250