1 0.141827 0.133413 0.091346 0.161058
1 0.242788 0.133413 0.091346 0.161058
1 0.343750 0.133413 0.091346 0.161058
1 0.444712 0.133413 0.091346 0.161058
1 0.545673 0.133413 0.091346 0.161058
0 0.646635 0.133413 0.091346 0.161058
0 0.747596 0.133413 0.091346 0.161058
1 0.848558 0.133413 0.091346 0.161058
0 0.224760 0.506010 0.098558 0.156250
1 0.332933 0.506010 0.098558 0.156250
0 0.441106 0.506010 0.098558 0.156250
1 0.549279 0.506010 0.098558 0.156250
0 0.657452 0.506010 0.098558 0.156250
1 0.765625 0.506010 0.098558 0.156250