1 0.187500 0.152644 0.144231 0.180288
1 0.341346 0.152644 0.144231 0.180288
1 0.495192 0.152644 0.144231 0.180288
1 0.649038 0.152644 0.144231 0.180288
0 0.802885 0.152644 0.144231 0.180288
0 0.152644 0.489183 0.127404 0.175481
1 0.289663 0.489183 0.127404 0.175481
0 0.426683 0.489183 0.127404 0.175481
1 0.563702 0.489183 0.127404 0.175481
1 0.700721 0.489183 0.127404 0.175481
1 0.837740 0.489183 0.127404 0.175481
0 0.118990 0.831731 0.084135 0.192308
1 0.212740 0.831731 0.084135 0.192308
1 0.306490 0.831731 0.084135 0.192308
1 0.400240 0.831731 0.084135 0.192308
1 0.493990 0.831731 0.084135 0.192308
0 0.587740 0.831731 0.084135 0.192308
1 0.681490 0.831731 0.084135 0.192308
0 0.775240 0.831731 0.084135 0.192308
1 0.868990 0.831731 0.084135 0.192308