1 0.141406 0.126562 0.095312 0.115625
1 0.242969 0.126562 0.095312 0.115625
1 0.344531 0.126562 0.095312 0.115625
1 0.446094 0.126562 0.095312 0.115625
0 0.547656 0.126562 0.095312 0.115625
1 0.649219 0.126562 0.095312 0.115625
1 0.750781 0.126562 0.095312 0.115625
1 0.852344 0.126562 0.095312 0.115625
1 0.124219 0.383594 0.076563 0.142187
0 0.207031 0.383594 0.076563 0.142187
1 0.289844 0.383594 0.076563 0.142187
1 0.372656 0.383594 0.076563 0.142187
1 0.455469 0.383594 0.076563 0.142187
1 0.538281 0.383594 0.076563 0.142187
1 0.621094 0.383594 0.076563 0.142187
0 0.703906 0.383594 0.076563 0.142187
1 0.786719 0.383594 0.076563 0.142187
1 0.869531 0.383594 0.076563 0.142187
1 0.239063 0.637500 0.096875 0.109375
0 0.342187 0.637500 0.096875 0.109375
1 0.445312 0.637500 0.096875 0.109375
1 0.548438 0.637500 0.096875 0.109375
0 0.651563 0.637500 0.096875 0.109375
1 0.754687 0.637500 0.096875 0.109375