1 0.127344 0.152344 0.085938 0.148438
0 0.219531 0.152344 0.085938 0.148438
1 0.311719 0.152344 0.085938 0.148438
0 0.403906 0.152344 0.085938 0.148438
1 0.496094 0.152344 0.085938 0.148438
1 0.588281 0.152344 0.085938 0.148438
1 0.680469 0.152344 0.085938 0.148438
0 0.772656 0.152344 0.085938 0.148438
1 0.864844 0.152344 0.085938 0.148438
0 0.379688 0.412500 0.071875 0.106250
0 0.457813 0.412500 0.071875 0.106250
1 0.535937 0.412500 0.071875 0.106250
1 0.614062 0.412500 0.071875 0.106250
1 0.146875 0.669531 0.081250 0.142187
1 0.234375 0.669531 0.081250 0.142187
1 0.321875 0.669531 0.081250 0.142187
1 0.409375 0.669531 0.081250 0.142187
1 0.496875 0.669531 0.081250 0.142187
1 0.584375 0.669531 0.081250 0.142187
1 0.671875 0.669531 0.081250 0.142187
1 0.759375 0.669531 0.081250 0.142187
1 0.846875 0.669531 0.081250 0.142187