0 0.207292 0.161458 0.135417 0.181250
1 0.351042 0.161458 0.135417 0.181250
0 0.494792 0.161458 0.135417 0.181250
1 0.638542 0.161458 0.135417 0.181250
1 0.782292 0.161458 0.135417 0.181250
0 0.129167 0.558333 0.083333 0.208333
0 0.220833 0.558333 0.083333 0.208333
1 0.312500 0.558333 0.083333 0.208333
1 0.404167 0.558333 0.083333 0.208333
1 0.495833 0.558333 0.083333 0.208333
1 0.587500 0.558333 0.083333 0.208333
0 0.679167 0.558333 0.083333 0.208333
1 0.770833 0.558333 0.083333 0.208333
1 0.862500 0.558333 0.083333 0.208333