0 0.141667 0.151042 0.133333 0.177083
1 0.283333 0.151042 0.133333 0.177083
1 0.425000 0.151042 0.133333 0.177083
1 0.566667 0.151042 0.133333 0.177083
1 0.708333 0.151042 0.133333 0.177083
1 0.850000 0.151042 0.133333 0.177083
1 0.160417 0.447917 0.087500 0.162500
0 0.256250 0.447917 0.087500 0.162500
1 0.352083 0.447917 0.087500 0.162500
0 0.447917 0.447917 0.087500 0.162500
1 0.543750 0.447917 0.087500 0.162500
0 0.639583 0.447917 0.087500 0.162500
0 0.735417 0.447917 0.087500 0.162500
1 0.831250 0.447917 0.087500 0.162500
1 0.172917 0.759375 0.120833 0.206250
0 0.302083 0.759375 0.120833 0.206250
1 0.431250 0.759375 0.120833 0.206250
0 0.560417 0.759375 0.120833 0.206250
1 0.689583 0.759375 0.120833 0.206250
0 0.818750 0.759375 0.120833 0.206250