1 0.140625 0.155048 0.108173 0.194712
0 0.258413 0.155048 0.108173 0.194712
1 0.376202 0.155048 0.108173 0.194712
1 0.493990 0.155048 0.108173 0.194712
1 0.611779 0.155048 0.108173 0.194712
0 0.729567 0.155048 0.108173 0.194712
0 0.847356 0.155048 0.108173 0.194712
1 0.167067 0.558894 0.084135 0.156250
1 0.260817 0.558894 0.084135 0.156250
0 0.354567 0.558894 0.084135 0.156250
1 0.448317 0.558894 0.084135 0.156250
0 0.542067 0.558894 0.084135 0.156250
1 0.635817 0.558894 0.084135 0.156250
1 0.729567 0.558894 0.084135 0.156250
1 0.823317 0.558894 0.084135 0.156250