1 0.139757 0.164062 0.064236 0.161458
1 0.210938 0.164062 0.064236 0.161458
0 0.282118 0.164062 0.064236 0.161458
1 0.353299 0.164062 0.064236 0.161458
1 0.424479 0.164062 0.064236 0.161458
1 0.495660 0.164062 0.064236 0.161458
1 0.566840 0.164062 0.064236 0.161458
1 0.638021 0.164062 0.064236 0.161458
1 0.709201 0.164062 0.064236 0.161458
0 0.780382 0.164062 0.064236 0.161458
1 0.851562 0.164062 0.064236 0.161458
1 0.141493 0.434896 0.081597 0.133681
1 0.230035 0.434896 0.081597 0.133681
0 0.318576 0.434896 0.081597 0.133681
0 0.407118 0.434896 0.081597 0.133681
1 0.495660 0.434896 0.081597 0.133681
0 0.584201 0.434896 0.081597 0.133681
1 0.672743 0.434896 0.081597 0.133681
1 0.761285 0.434896 0.081597 0.133681
1 0.849826 0.434896 0.081597 0.133681
0 0.253472 0.694444 0.062500 0.138889
1 0.322917 0.694444 0.062500 0.138889
1 0.392361 0.694444 0.062500 0.138889
1 0.461806 0.694444 0.062500 0.138889
1 0.531250 0.694444 0.062500 0.138889
0 0.600694 0.694444 0.062500 0.138889
1 0.670139 0.694444 0.062500 0.138889
1 0.739583 0.694444 0.062500 0.138889