1 0.266406 0.100000 0.085938 0.137500
0 0.358594 0.100000 0.085938 0.137500
1 0.450781 0.100000 0.085938 0.137500
1 0.542969 0.100000 0.085938 0.137500
1 0.635156 0.100000 0.085938 0.137500
1 0.727344 0.100000 0.085938 0.137500
0 0.145313 0.341406 0.071875 0.114062
0 0.223438 0.341406 0.071875 0.114062
0 0.301563 0.341406 0.071875 0.114062
1 0.379688 0.341406 0.071875 0.114062
1 0.457813 0.341406 0.071875 0.114062
0 0.535937 0.341406 0.071875 0.114062
0 0.614062 0.341406 0.071875 0.114062
0 0.692187 0.341406 0.071875 0.114062
1 0.770312 0.341406 0.071875 0.114062
0 0.848437 0.341406 0.071875 0.114062
0 0.130469 0.573438 0.098437 0.118750
0 0.235156 0.573438 0.098437 0.118750
1 0.339844 0.573438 0.098437 0.118750
0 0.444531 0.573438 0.098437 0.118750
0 0.549219 0.573438 0.098437 0.118750
1 0.653906 0.573438 0.098437 0.118750
1 0.758594 0.573438 0.098437 0.118750
1 0.863281 0.573438 0.098437 0.118750
1 0.235156 0.822656 0.098437 0.148438
0 0.339844 0.822656 0.098437 0.148438
1 0.444531 0.822656 0.098437 0.148438
1 0.549219 0.822656 0.098437 0.148438
0 0.653906 0.822656 0.098437 0.148438
0 0.758594 0.822656 0.098437 0.148438