0 0.144097 0.144097 0.093750 0.159722
1 0.244792 0.144097 0.093750 0.159722
0 0.345486 0.144097 0.093750 0.159722
0 0.446181 0.144097 0.093750 0.159722
1 0.546875 0.144097 0.093750 0.159722
1 0.647569 0.144097 0.093750 0.159722
0 0.748264 0.144097 0.093750 0.159722
1 0.848958 0.144097 0.093750 0.159722
1 0.121528 0.449653 0.086806 0.128472
1 0.215278 0.449653 0.086806 0.128472
1 0.309028 0.449653 0.086806 0.128472
1 0.402778 0.449653 0.086806 0.128472
1 0.496528 0.449653 0.086806 0.128472
1 0.590278 0.449653 0.086806 0.128472
1 0.684028 0.449653 0.086806 0.128472
1 0.777778 0.449653 0.086806 0.128472
1 0.871528 0.449653 0.086806 0.128472