1 0.342969 0.121094 0.070312 0.139063
1 0.419531 0.121094 0.070312 0.139063
1 0.496094 0.121094 0.070312 0.139063
1 0.572656 0.121094 0.070312 0.139063
1 0.649219 0.121094 0.070312 0.139063
0 0.234375 0.397656 0.068750 0.110937
1 0.309375 0.397656 0.068750 0.110937
0 0.384375 0.397656 0.068750 0.110937
1 0.459375 0.397656 0.068750 0.110937
0 0.534375 0.397656 0.068750 0.110937
1 0.609375 0.397656 0.068750 0.110937
1 0.684375 0.397656 0.068750 0.110937
0 0.759375 0.397656 0.068750 0.110937
0 0.184375 0.667188 0.071875 0.125000
0 0.262500 0.667188 0.071875 0.125000
1 0.340625 0.667188 0.071875 0.125000
1 0.418750 0.667188 0.071875 0.125000
1 0.496875 0.667188 0.071875 0.125000
0 0.575000 0.667188 0.071875 0.125000
1 0.653125 0.667188 0.071875 0.125000
1 0.731250 0.667188 0.071875 0.125000
1 0.809375 0.667188 0.071875 0.125000