0 0.133789 0.144531 0.095703 0.187500
1 0.237305 0.144531 0.095703 0.187500
1 0.340820 0.144531 0.095703 0.187500
0 0.444336 0.144531 0.095703 0.187500
1 0.547852 0.144531 0.095703 0.187500
1 0.651367 0.144531 0.095703 0.187500
1 0.754883 0.144531 0.095703 0.187500
1 0.858398 0.144531 0.095703 0.187500
1 0.109375 0.528320 0.078125 0.189453
1 0.195312 0.528320 0.078125 0.189453
1 0.281250 0.528320 0.078125 0.189453
1 0.367188 0.528320 0.078125 0.189453
1 0.453125 0.528320 0.078125 0.189453
1 0.539062 0.528320 0.078125 0.189453
1 0.625000 0.528320 0.078125 0.189453
0 0.710938 0.528320 0.078125 0.189453
0 0.796875 0.528320 0.078125 0.189453
1 0.882812 0.528320 0.078125 0.189453