0 0.234375 0.138281 0.081250 0.154688
1 0.321875 0.138281 0.081250 0.154688
1 0.409375 0.138281 0.081250 0.154688
1 0.496875 0.138281 0.081250 0.154688
1 0.584375 0.138281 0.081250 0.154688
0 0.671875 0.138281 0.081250 0.154688
0 0.759375 0.138281 0.081250 0.154688
1 0.139844 0.422656 0.082812 0.117188
0 0.228906 0.422656 0.082812 0.117188
1 0.317969 0.422656 0.082812 0.117188
1 0.407031 0.422656 0.082812 0.117188
1 0.496094 0.422656 0.082812 0.117188
1 0.585156 0.422656 0.082812 0.117188
0 0.674219 0.422656 0.082812 0.117188
1 0.763281 0.422656 0.082812 0.117188
1 0.852344 0.422656 0.082812 0.117188
1 0.178125 0.706250 0.100000 0.153125
1 0.284375 0.706250 0.100000 0.153125
1 0.390625 0.706250 0.100000 0.153125
1 0.496875 0.706250 0.100000 0.153125
1 0.603125 0.706250 0.100000 0.153125
0 0.709375 0.706250 0.100000 0.153125
0 0.815625 0.706250 0.100000 0.153125