0 0.113715 0.106771 0.088542 0.123264
1 0.209201 0.106771 0.088542 0.123264
1 0.304688 0.106771 0.088542 0.123264
0 0.400174 0.106771 0.088542 0.123264
0 0.495660 0.106771 0.088542 0.123264
0 0.591146 0.106771 0.088542 0.123264
0 0.686632 0.106771 0.088542 0.123264
1 0.782118 0.106771 0.088542 0.123264
0 0.877604 0.106771 0.088542 0.123264
0 0.183160 0.381944 0.071181 0.131944
0 0.261285 0.381944 0.071181 0.131944
1 0.339410 0.381944 0.071181 0.131944
1 0.417535 0.381944 0.071181 0.131944
0 0.495660 0.381944 0.071181 0.131944
0 0.573785 0.381944 0.071181 0.131944
0 0.651910 0.381944 0.071181 0.131944
1 0.730035 0.381944 0.071181 0.131944
1 0.808160 0.381944 0.071181 0.131944
1 0.269965 0.657118 0.105903 0.123264
1 0.382812 0.657118 0.105903 0.123264
1 0.495660 0.657118 0.105903 0.123264
1 0.608507 0.657118 0.105903 0.123264
1 0.721354 0.657118 0.105903 0.123264