1 0.264648 0.125000 0.107422 0.132812
0 0.379883 0.125000 0.107422 0.132812
1 0.495117 0.125000 0.107422 0.132812
1 0.610352 0.125000 0.107422 0.132812
0 0.725586 0.125000 0.107422 0.132812
1 0.136719 0.438477 0.082031 0.134766
1 0.226562 0.438477 0.082031 0.134766
1 0.316406 0.438477 0.082031 0.134766
1 0.406250 0.438477 0.082031 0.134766
1 0.496094 0.438477 0.082031 0.134766
1 0.585938 0.438477 0.082031 0.134766
1 0.675781 0.438477 0.082031 0.134766
0 0.765625 0.438477 0.082031 0.134766
0 0.855469 0.438477 0.082031 0.134766