0 0.186632 0.098090 0.147569 0.060764
1 0.341146 0.098090 0.147569 0.060764
1 0.495660 0.098090 0.147569 0.060764
1 0.650174 0.098090 0.147569 0.060764
1 0.804688 0.098090 0.147569 0.060764
1 0.153646 0.268229 0.130208 0.067708
1 0.290799 0.268229 0.130208 0.067708
1 0.427951 0.268229 0.130208 0.067708
1 0.565104 0.268229 0.130208 0.067708
1 0.702257 0.268229 0.130208 0.067708
1 0.839410 0.268229 0.130208 0.067708
0 0.165799 0.438368 0.157986 0.060764
1 0.330729 0.438368 0.157986 0.060764
1 0.495660 0.438368 0.157986 0.060764
0 0.660590 0.438368 0.157986 0.060764
1 0.825521 0.438368 0.157986 0.060764
1 0.285590 0.603299 0.133681 0.057292
1 0.426215 0.603299 0.133681 0.057292
0 0.566840 0.603299 0.133681 0.057292
1 0.707465 0.603299 0.133681 0.057292