1 0.112500 0.150000 0.087500 0.170833
1 0.208333 0.150000 0.087500 0.170833
1 0.304167 0.150000 0.087500 0.170833
1 0.400000 0.150000 0.087500 0.170833
0 0.495833 0.150000 0.087500 0.170833
1 0.591667 0.150000 0.087500 0.170833
1 0.687500 0.150000 0.087500 0.170833
0 0.783333 0.150000 0.087500 0.170833
1 0.879167 0.150000 0.087500 0.170833
1 0.151042 0.466667 0.106250 0.162500
0 0.265625 0.466667 0.106250 0.162500
0 0.380208 0.466667 0.106250 0.162500
1 0.494792 0.466667 0.106250 0.162500
1 0.609375 0.466667 0.106250 0.162500
1 0.723958 0.466667 0.106250 0.162500
0 0.838542 0.466667 0.106250 0.162500
1 0.158333 0.777083 0.104167 0.158333
0 0.270833 0.777083 0.104167 0.158333
1 0.383333 0.777083 0.104167 0.158333
1 0.495833 0.777083 0.104167 0.158333
1 0.608333 0.777083 0.104167 0.158333
1 0.720833 0.777083 0.104167 0.158333
0 0.833333 0.777083 0.104167 0.158333