1 0.281250 0.127344 0.065625 0.154688
0 0.353125 0.127344 0.065625 0.154688
1 0.425000 0.127344 0.065625 0.154688
1 0.496875 0.127344 0.065625 0.154688
1 0.568750 0.127344 0.065625 0.154688
1 0.640625 0.127344 0.065625 0.154688
1 0.712500 0.127344 0.065625 0.154688
0 0.214844 0.378125 0.064062 0.146875
1 0.285156 0.378125 0.064062 0.146875
1 0.355469 0.378125 0.064062 0.146875
1 0.425781 0.378125 0.064062 0.146875
0 0.496094 0.378125 0.064062 0.146875
1 0.566406 0.378125 0.064062 0.146875
1 0.636719 0.378125 0.064062 0.146875
1 0.707031 0.378125 0.064062 0.146875
1 0.777344 0.378125 0.064062 0.146875