1 0.371875 0.117969 0.056250 0.142187
1 0.434375 0.117969 0.056250 0.142187
0 0.496875 0.117969 0.056250 0.142187
0 0.559375 0.117969 0.056250 0.142187
1 0.621875 0.117969 0.056250 0.142187
1 0.370312 0.374219 0.078125 0.123438
0 0.454688 0.374219 0.078125 0.123438
1 0.539062 0.374219 0.078125 0.123438
1 0.623437 0.374219 0.078125 0.123438
1 0.124219 0.630469 0.076563 0.142187
1 0.207031 0.630469 0.076563 0.142187
1 0.289844 0.630469 0.076563 0.142187
0 0.372656 0.630469 0.076563 0.142187
1 0.455469 0.630469 0.076563 0.142187
1 0.538281 0.630469 0.076563 0.142187
0 0.621094 0.630469 0.076563 0.142187
1 0.703906 0.630469 0.076563 0.142187
0 0.786719 0.630469 0.076563 0.142187
1 0.869531 0.630469 0.076563 0.142187