0 0.186523 0.086914 0.146484 0.083984
0 0.340820 0.086914 0.146484 0.083984
1 0.495117 0.086914 0.146484 0.083984
0 0.649414 0.086914 0.146484 0.083984
0 0.803711 0.086914 0.146484 0.083984
1 0.200195 0.316406 0.189453 0.062500
1 0.397461 0.316406 0.189453 0.062500
1 0.594727 0.316406 0.189453 0.062500
1 0.791992 0.316406 0.189453 0.062500
1 0.160156 0.533203 0.160156 0.058594
1 0.328125 0.533203 0.160156 0.058594
0 0.496094 0.533203 0.160156 0.058594
0 0.664062 0.533203 0.160156 0.058594
1 0.832031 0.533203 0.160156 0.058594