1 0.120117 0.112305 0.099609 0.146484
1 0.227539 0.112305 0.099609 0.146484
1 0.334961 0.112305 0.099609 0.146484
1 0.442383 0.112305 0.099609 0.146484
1 0.549805 0.112305 0.099609 0.146484
0 0.657227 0.112305 0.099609 0.146484
0 0.764648 0.112305 0.099609 0.146484
0 0.872070 0.112305 0.099609 0.146484
1 0.102539 0.433594 0.123047 0.183594
1 0.233398 0.433594 0.123047 0.183594
1 0.364258 0.433594 0.123047 0.183594
0 0.495117 0.433594 0.123047 0.183594
1 0.625977 0.433594 0.123047 0.183594
0 0.756836 0.433594 0.123047 0.183594
0 0.887695 0.433594 0.123047 0.183594
1 0.308594 0.750977 0.085938 0.138672
1 0.402344 0.750977 0.085938 0.138672
1 0.496094 0.750977 0.085938 0.138672
0 0.589844 0.750977 0.085938 0.138672
1 0.683594 0.750977 0.085938 0.138672