1 0.136285 0.155382 0.112847 0.157986
1 0.256076 0.155382 0.112847 0.157986
1 0.375868 0.155382 0.112847 0.157986
1 0.495660 0.155382 0.112847 0.157986
0 0.615451 0.155382 0.112847 0.157986
0 0.735243 0.155382 0.112847 0.157986
1 0.855035 0.155382 0.112847 0.157986
0 0.150174 0.457465 0.092014 0.168403
1 0.249132 0.457465 0.092014 0.168403
0 0.348090 0.457465 0.092014 0.168403
1 0.447049 0.457465 0.092014 0.168403
0 0.546007 0.457465 0.092014 0.168403
1 0.644965 0.457465 0.092014 0.168403
1 0.743924 0.457465 0.092014 0.168403
0 0.842882 0.457465 0.092014 0.168403
0 0.163194 0.758681 0.104167 0.156250
1 0.274306 0.758681 0.104167 0.156250
0 0.385417 0.758681 0.104167 0.156250
0 0.496528 0.758681 0.104167 0.156250
0 0.607639 0.758681 0.104167 0.156250
1 0.718750 0.758681 0.104167 0.156250
0 0.829861 0.758681 0.104167 0.156250