1 0.182292 0.114583 0.147917 0.087500
1 0.338542 0.114583 0.147917 0.087500
1 0.494792 0.114583 0.147917 0.087500
1 0.651042 0.114583 0.147917 0.087500
1 0.807292 0.114583 0.147917 0.087500
1 0.220833 0.337500 0.175000 0.070833
1 0.404167 0.337500 0.175000 0.070833
1 0.587500 0.337500 0.175000 0.070833
1 0.770833 0.337500 0.175000 0.070833
0 0.177083 0.558333 0.204167 0.083333
1 0.389583 0.558333 0.204167 0.083333
0 0.602083 0.558333 0.204167 0.083333
1 0.814583 0.558333 0.204167 0.083333
0 0.170833 0.780208 0.154167 0.072917
1 0.333333 0.780208 0.154167 0.072917
1 0.495833 0.780208 0.154167 0.072917
1 0.658333 0.780208 0.154167 0.072917
0 0.820833 0.780208 0.154167 0.072917