1 0.133413 0.167067 0.093750 0.161058
1 0.236779 0.167067 0.093750 0.161058
0 0.340144 0.167067 0.093750 0.161058
1 0.443510 0.167067 0.093750 0.161058
1 0.546875 0.167067 0.093750 0.161058
0 0.650240 0.167067 0.093750 0.161058
1 0.753606 0.167067 0.093750 0.161058
1 0.856971 0.167067 0.093750 0.161058
1 0.248798 0.507212 0.088942 0.168269
0 0.347356 0.507212 0.088942 0.168269
0 0.445913 0.507212 0.088942 0.168269
1 0.544471 0.507212 0.088942 0.168269
0 0.643029 0.507212 0.088942 0.168269
1 0.741587 0.507212 0.088942 0.168269