0 0.137500 0.120313 0.065625 0.153125
0 0.209375 0.120313 0.065625 0.153125
0 0.281250 0.120313 0.065625 0.153125
0 0.353125 0.120313 0.065625 0.153125
0 0.425000 0.120313 0.065625 0.153125
1 0.496875 0.120313 0.065625 0.153125
0 0.568750 0.120313 0.065625 0.153125
0 0.640625 0.120313 0.065625 0.153125
1 0.712500 0.120313 0.065625 0.153125
0 0.784375 0.120313 0.065625 0.153125
0 0.856250 0.120313 0.065625 0.153125
1 0.097656 0.375781 0.073438 0.114062
1 0.177344 0.375781 0.073438 0.114062
1 0.257031 0.375781 0.073438 0.114062
0 0.336719 0.375781 0.073438 0.114062
1 0.416406 0.375781 0.073438 0.114062
1 0.496094 0.375781 0.073438 0.114062
1 0.575781 0.375781 0.073438 0.114062
0 0.655469 0.375781 0.073438 0.114062
1 0.735156 0.375781 0.073438 0.114062
1 0.814844 0.375781 0.073438 0.114062
0 0.894531 0.375781 0.073438 0.114062