1 0.146875 0.150000 0.093750 0.153125
0 0.246875 0.150000 0.093750 0.153125
1 0.346875 0.150000 0.093750 0.153125
1 0.446875 0.150000 0.093750 0.153125
1 0.546875 0.150000 0.093750 0.153125
1 0.646875 0.150000 0.093750 0.153125
0 0.746875 0.150000 0.093750 0.153125
1 0.846875 0.150000 0.093750 0.153125
1 0.339844 0.399219 0.098437 0.145313
1 0.444531 0.399219 0.098437 0.145313
0 0.549219 0.399219 0.098437 0.145313
0 0.653906 0.399219 0.098437 0.145313
1 0.168750 0.629687 0.087500 0.115625
1 0.262500 0.629687 0.087500 0.115625
1 0.356250 0.629687 0.087500 0.115625
1 0.450000 0.629687 0.087500 0.115625
1 0.543750 0.629687 0.087500 0.115625
1 0.637500 0.629687 0.087500 0.115625
1 0.731250 0.629687 0.087500 0.115625
1 0.825000 0.629687 0.087500 0.115625