1 0.191840 0.147569 0.060764 0.135417
0 0.259549 0.147569 0.060764 0.135417
1 0.327257 0.147569 0.060764 0.135417
0 0.394965 0.147569 0.060764 0.135417
0 0.462674 0.147569 0.060764 0.135417
1 0.530382 0.147569 0.060764 0.135417
1 0.598090 0.147569 0.060764 0.135417
0 0.665799 0.147569 0.060764 0.135417
0 0.733507 0.147569 0.060764 0.135417
0 0.801215 0.147569 0.060764 0.135417
0 0.261285 0.432292 0.071181 0.149306
1 0.339410 0.432292 0.071181 0.149306
1 0.417535 0.432292 0.071181 0.149306
1 0.495660 0.432292 0.071181 0.149306
0 0.573785 0.432292 0.071181 0.149306
1 0.651910 0.432292 0.071181 0.149306
1 0.730035 0.432292 0.071181 0.149306
1 0.322917 0.705729 0.079861 0.112847
0 0.409722 0.705729 0.079861 0.112847
1 0.496528 0.705729 0.079861 0.112847
1 0.583333 0.705729 0.079861 0.112847
1 0.670139 0.705729 0.079861 0.112847