1 0.127930 0.141602 0.083984 0.146484
1 0.219727 0.141602 0.083984 0.146484
0 0.311523 0.141602 0.083984 0.146484
1 0.403320 0.141602 0.083984 0.146484
0 0.495117 0.141602 0.083984 0.146484
1 0.586914 0.141602 0.083984 0.146484
0 0.678711 0.141602 0.083984 0.146484
1 0.770508 0.141602 0.083984 0.146484
0 0.862305 0.141602 0.083984 0.146484
0 0.266602 0.408203 0.083984 0.136719
0 0.358398 0.408203 0.083984 0.136719
1 0.450195 0.408203 0.083984 0.136719
1 0.541992 0.408203 0.083984 0.136719
1 0.633789 0.408203 0.083984 0.136719
1 0.725586 0.408203 0.083984 0.136719