1 0.332292 0.157292 0.072917 0.193750
1 0.413542 0.157292 0.072917 0.193750
1 0.494792 0.157292 0.072917 0.193750
1 0.576042 0.157292 0.072917 0.193750
1 0.657292 0.157292 0.072917 0.193750
1 0.112500 0.515625 0.087500 0.168750
1 0.208333 0.515625 0.087500 0.168750
0 0.304167 0.515625 0.087500 0.168750
0 0.400000 0.515625 0.087500 0.168750
1 0.495833 0.515625 0.087500 0.168750
0 0.591667 0.515625 0.087500 0.168750
1 0.687500 0.515625 0.087500 0.168750
1 0.783333 0.515625 0.087500 0.168750
1 0.879167 0.515625 0.087500 0.168750