1 0.168945 0.171875 0.123047 0.171875
0 0.299805 0.171875 0.123047 0.171875
0 0.430664 0.171875 0.123047 0.171875
1 0.561523 0.171875 0.123047 0.171875
0 0.692383 0.171875 0.123047 0.171875
1 0.823242 0.171875 0.123047 0.171875
1 0.147461 0.537109 0.091797 0.179688
1 0.247070 0.537109 0.091797 0.179688
1 0.346680 0.537109 0.091797 0.179688
0 0.446289 0.537109 0.091797 0.179688
1 0.545898 0.537109 0.091797 0.179688
1 0.645508 0.537109 0.091797 0.179688
0 0.745117 0.537109 0.091797 0.179688
1 0.844727 0.537109 0.091797 0.179688