0 0.267361 0.127604 0.069444 0.116319
1 0.343750 0.127604 0.069444 0.116319
0 0.420139 0.127604 0.069444 0.116319
1 0.496528 0.127604 0.069444 0.116319
1 0.572917 0.127604 0.069444 0.116319
0 0.649306 0.127604 0.069444 0.116319
1 0.725694 0.127604 0.069444 0.116319
1 0.144097 0.396701 0.093750 0.157986
1 0.244792 0.396701 0.093750 0.157986
1 0.345486 0.396701 0.093750 0.157986
1 0.446181 0.396701 0.093750 0.157986
1 0.546875 0.396701 0.093750 0.157986
1 0.647569 0.396701 0.093750 0.157986
1 0.748264 0.396701 0.093750 0.157986
1 0.848958 0.396701 0.093750 0.157986