1 0.131836 0.085938 0.173828 0.082031
1 0.313477 0.085938 0.173828 0.082031
1 0.495117 0.085938 0.173828 0.082031
1 0.676758 0.085938 0.173828 0.082031
1 0.858398 0.085938 0.173828 0.082031
1 0.125000 0.362305 0.140625 0.080078
1 0.273438 0.362305 0.140625 0.080078
1 0.421875 0.362305 0.140625 0.080078
1 0.570312 0.362305 0.140625 0.080078
0 0.718750 0.362305 0.140625 0.080078
0 0.867188 0.362305 0.140625 0.080078
1 0.163086 0.632812 0.158203 0.070312
0 0.329102 0.632812 0.158203 0.070312
0 0.495117 0.632812 0.158203 0.070312
1 0.661133 0.632812 0.158203 0.070312
0 0.827148 0.632812 0.158203 0.070312