0 0.107639 0.131944 0.090278 0.149306
1 0.204861 0.131944 0.090278 0.149306
1 0.302083 0.131944 0.090278 0.149306
1 0.399306 0.131944 0.090278 0.149306
0 0.496528 0.131944 0.090278 0.149306
0 0.593750 0.131944 0.090278 0.149306
1 0.690972 0.131944 0.090278 0.149306
1 0.788194 0.131944 0.090278 0.149306
0 0.885417 0.131944 0.090278 0.149306
1 0.144097 0.460069 0.093750 0.163194
1 0.244792 0.460069 0.093750 0.163194
1 0.345486 0.460069 0.093750 0.163194
1 0.446181 0.460069 0.093750 0.163194
1 0.546875 0.460069 0.093750 0.163194
0 0.647569 0.460069 0.093750 0.163194
1 0.748264 0.460069 0.093750 0.163194
1 0.848958 0.460069 0.093750 0.163194
0 0.152778 0.780382 0.107639 0.133681
1 0.267361 0.780382 0.107639 0.133681
0 0.381944 0.780382 0.107639 0.133681
0 0.496528 0.780382 0.107639 0.133681
0 0.611111 0.780382 0.107639 0.133681
1 0.725694 0.780382 0.107639 0.133681
1 0.840278 0.780382 0.107639 0.133681