1 0.113281 0.125977 0.101562 0.162109
1 0.222656 0.125977 0.101562 0.162109
1 0.332031 0.125977 0.101562 0.162109
0 0.441406 0.125977 0.101562 0.162109
0 0.550781 0.125977 0.101562 0.162109
0 0.660156 0.125977 0.101562 0.162109
0 0.769531 0.125977 0.101562 0.162109
0 0.878906 0.125977 0.101562 0.162109
0 0.106445 0.474609 0.103516 0.183594
1 0.217773 0.474609 0.103516 0.183594
1 0.329102 0.474609 0.103516 0.183594
1 0.440430 0.474609 0.103516 0.183594
0 0.551758 0.474609 0.103516 0.183594
0 0.663086 0.474609 0.103516 0.183594
1 0.774414 0.474609 0.103516 0.183594
1 0.885742 0.474609 0.103516 0.183594
0 0.231445 0.805664 0.080078 0.126953
0 0.319336 0.805664 0.080078 0.126953
1 0.407227 0.805664 0.080078 0.126953
1 0.495117 0.805664 0.080078 0.126953
0 0.583008 0.805664 0.080078 0.126953
1 0.670898 0.805664 0.080078 0.126953
1 0.758789 0.805664 0.080078 0.126953