1 0.301563 0.110937 0.071875 0.128125
0 0.379688 0.110937 0.071875 0.128125
0 0.457813 0.110937 0.071875 0.128125
1 0.535937 0.110937 0.071875 0.128125
1 0.614062 0.110937 0.071875 0.128125
1 0.692187 0.110937 0.071875 0.128125
0 0.196875 0.348438 0.093750 0.156250
0 0.296875 0.348438 0.093750 0.156250
0 0.396875 0.348438 0.093750 0.156250
1 0.496875 0.348438 0.093750 0.156250
1 0.596875 0.348438 0.093750 0.156250
1 0.696875 0.348438 0.093750 0.156250
1 0.796875 0.348438 0.093750 0.156250
0 0.130469 0.579688 0.098437 0.115625
1 0.235156 0.579688 0.098437 0.115625
0 0.339844 0.579688 0.098437 0.115625
1 0.444531 0.579688 0.098437 0.115625
1 0.549219 0.579688 0.098437 0.115625
1 0.653906 0.579688 0.098437 0.115625
1 0.758594 0.579688 0.098437 0.115625
1 0.863281 0.579688 0.098437 0.115625
1 0.238281 0.787500 0.079687 0.109375
1 0.324219 0.787500 0.079687 0.109375
0 0.410156 0.787500 0.079687 0.109375
1 0.496094 0.787500 0.079687 0.109375
1 0.582031 0.787500 0.079687 0.109375
1 0.667969 0.787500 0.079687 0.109375
1 0.753906 0.787500 0.079687 0.109375