1 0.175000 0.189583 0.083333 0.195833
0 0.266667 0.189583 0.083333 0.195833
0 0.358333 0.189583 0.083333 0.195833
1 0.450000 0.189583 0.083333 0.195833
1 0.541667 0.189583 0.083333 0.195833
0 0.633333 0.189583 0.083333 0.195833
0 0.725000 0.189583 0.083333 0.195833
1 0.816667 0.189583 0.083333 0.195833
0 0.160417 0.518750 0.087500 0.175000
1 0.256250 0.518750 0.087500 0.175000
0 0.352083 0.518750 0.087500 0.175000
1 0.447917 0.518750 0.087500 0.175000
1 0.543750 0.518750 0.087500 0.175000
1 0.639583 0.518750 0.087500 0.175000
0 0.735417 0.518750 0.087500 0.175000
0 0.831250 0.518750 0.087500 0.175000