1 0.161133 0.171875 0.087891 0.175781
1 0.256836 0.171875 0.087891 0.175781
0 0.352539 0.171875 0.087891 0.175781
1 0.448242 0.171875 0.087891 0.175781
0 0.543945 0.171875 0.087891 0.175781
1 0.639648 0.171875 0.087891 0.175781
0 0.735352 0.171875 0.087891 0.175781
0 0.831055 0.171875 0.087891 0.175781
0 0.188477 0.517578 0.115234 0.140625
0 0.311523 0.517578 0.115234 0.140625
1 0.434570 0.517578 0.115234 0.140625
1 0.557617 0.517578 0.115234 0.140625
1 0.680664 0.517578 0.115234 0.140625
1 0.803711 0.517578 0.115234 0.140625