1 0.280273 0.167969 0.099609 0.179688
1 0.387695 0.167969 0.099609 0.179688
0 0.495117 0.167969 0.099609 0.179688
0 0.602539 0.167969 0.099609 0.179688
1 0.709961 0.167969 0.099609 0.179688
0 0.136719 0.489258 0.082031 0.142578
1 0.226562 0.489258 0.082031 0.142578
1 0.316406 0.489258 0.082031 0.142578
0 0.406250 0.489258 0.082031 0.142578
1 0.496094 0.489258 0.082031 0.142578
1 0.585938 0.489258 0.082031 0.142578
0 0.675781 0.489258 0.082031 0.142578
0 0.765625 0.489258 0.082031 0.142578
0 0.855469 0.489258 0.082031 0.142578