0 0.129167 0.137500 0.083333 0.183333
1 0.220833 0.137500 0.083333 0.183333
1 0.312500 0.137500 0.083333 0.183333
1 0.404167 0.137500 0.083333 0.183333
1 0.495833 0.137500 0.083333 0.183333
1 0.587500 0.137500 0.083333 0.183333
1 0.679167 0.137500 0.083333 0.183333
1 0.770833 0.137500 0.083333 0.183333
1 0.862500 0.137500 0.083333 0.183333
1 0.145833 0.509375 0.108333 0.189583
1 0.262500 0.509375 0.108333 0.189583
0 0.379167 0.509375 0.108333 0.189583
1 0.495833 0.509375 0.108333 0.189583
0 0.612500 0.509375 0.108333 0.189583
1 0.729167 0.509375 0.108333 0.189583
1 0.845833 0.509375 0.108333 0.189583