1 0.270508 0.070312 0.142578 0.058594
0 0.420898 0.070312 0.142578 0.058594
1 0.571289 0.070312 0.142578 0.058594
0 0.721680 0.070312 0.142578 0.058594
0 0.197266 0.259766 0.191406 0.058594
1 0.396484 0.259766 0.191406 0.058594
1 0.595703 0.259766 0.191406 0.058594
1 0.794922 0.259766 0.191406 0.058594
1 0.139648 0.456055 0.169922 0.072266
1 0.317383 0.456055 0.169922 0.072266
0 0.495117 0.456055 0.169922 0.072266
1 0.672852 0.456055 0.169922 0.072266
1 0.850586 0.456055 0.169922 0.072266
1 0.170898 0.665039 0.154297 0.083984
1 0.333008 0.665039 0.154297 0.083984
1 0.495117 0.665039 0.154297 0.083984
0 0.657227 0.665039 0.154297 0.083984
1 0.819336 0.665039 0.154297 0.083984