1 0.394965 0.111111 0.060764 0.152778
0 0.462674 0.111111 0.060764 0.152778
1 0.530382 0.111111 0.060764 0.152778
0 0.598090 0.111111 0.060764 0.152778
0 0.087674 0.367188 0.074653 0.112847
1 0.169271 0.367188 0.074653 0.112847
1 0.250868 0.367188 0.074653 0.112847
0 0.332465 0.367188 0.074653 0.112847
0 0.414062 0.367188 0.074653 0.112847
0 0.495660 0.367188 0.074653 0.112847
1 0.577257 0.367188 0.074653 0.112847
0 0.658854 0.367188 0.074653 0.112847
1 0.740451 0.367188 0.074653 0.112847
1 0.822049 0.367188 0.074653 0.112847
1 0.903646 0.367188 0.074653 0.112847
1 0.244792 0.614583 0.093750 0.135417
1 0.345486 0.614583 0.093750 0.135417
1 0.446181 0.614583 0.093750 0.135417
0 0.546875 0.614583 0.093750 0.135417
1 0.647569 0.614583 0.093750 0.135417
0 0.748264 0.614583 0.093750 0.135417