1 0.095833 0.118750 0.091667 0.154167
0 0.195833 0.118750 0.091667 0.154167
0 0.295833 0.118750 0.091667 0.154167
0 0.395833 0.118750 0.091667 0.154167
1 0.495833 0.118750 0.091667 0.154167
0 0.595833 0.118750 0.091667 0.154167
1 0.695833 0.118750 0.091667 0.154167
1 0.795833 0.118750 0.091667 0.154167
1 0.895833 0.118750 0.091667 0.154167
1 0.113542 0.473958 0.118750 0.172917
0 0.240625 0.473958 0.118750 0.172917
1 0.367708 0.473958 0.118750 0.172917
1 0.494792 0.473958 0.118750 0.172917
1 0.621875 0.473958 0.118750 0.172917
1 0.748958 0.473958 0.118750 0.172917
0 0.876042 0.473958 0.118750 0.172917
0 0.141667 0.833333 0.133333 0.162500
1 0.283333 0.833333 0.133333 0.162500
1 0.425000 0.833333 0.133333 0.162500
1 0.566667 0.833333 0.133333 0.162500
1 0.708333 0.833333 0.133333 0.162500
1 0.850000 0.833333 0.133333 0.162500