1 0.114583 0.072917 0.145833 0.069444
1 0.267361 0.072917 0.145833 0.069444
0 0.420139 0.072917 0.145833 0.069444
0 0.572917 0.072917 0.145833 0.069444
1 0.725694 0.072917 0.145833 0.069444
1 0.878472 0.072917 0.145833 0.069444
0 0.166667 0.295139 0.125000 0.076389
1 0.298611 0.295139 0.125000 0.076389
0 0.430556 0.295139 0.125000 0.076389
1 0.562500 0.295139 0.125000 0.076389
1 0.694444 0.295139 0.125000 0.076389
1 0.826389 0.295139 0.125000 0.076389
0 0.142361 0.516493 0.170139 0.067708
0 0.319444 0.516493 0.170139 0.067708
1 0.496528 0.516493 0.170139 0.067708
1 0.673611 0.516493 0.170139 0.067708
1 0.850694 0.516493 0.170139 0.067708
0 0.214410 0.728299 0.133681 0.057292
1 0.355035 0.728299 0.133681 0.057292
1 0.495660 0.728299 0.133681 0.057292
1 0.636285 0.728299 0.133681 0.057292
0 0.776910 0.728299 0.133681 0.057292