1 0.144531 0.127930 0.109375 0.158203
0 0.261719 0.127930 0.109375 0.158203
1 0.378906 0.127930 0.109375 0.158203
1 0.496094 0.127930 0.109375 0.158203
0 0.613281 0.127930 0.109375 0.158203
1 0.730469 0.127930 0.109375 0.158203
1 0.847656 0.127930 0.109375 0.158203
0 0.247070 0.422852 0.091797 0.173828
1 0.346680 0.422852 0.091797 0.173828
0 0.446289 0.422852 0.091797 0.173828
1 0.545898 0.422852 0.091797 0.173828
1 0.645508 0.422852 0.091797 0.173828
1 0.745117 0.422852 0.091797 0.173828
1 0.106445 0.731445 0.103516 0.185547
1 0.217773 0.731445 0.103516 0.185547
0 0.329102 0.731445 0.103516 0.185547
1 0.440430 0.731445 0.103516 0.185547
0 0.551758 0.731445 0.103516 0.185547
0 0.663086 0.731445 0.103516 0.185547
1 0.774414 0.731445 0.103516 0.185547
1 0.885742 0.731445 0.103516 0.185547