1 0.222656 0.140625 0.101562 0.152344
1 0.332031 0.140625 0.101562 0.152344
1 0.441406 0.140625 0.101562 0.152344
1 0.550781 0.140625 0.101562 0.152344
1 0.660156 0.140625 0.101562 0.152344
0 0.769531 0.140625 0.101562 0.152344
1 0.120117 0.412109 0.099609 0.144531
1 0.227539 0.412109 0.099609 0.144531
1 0.334961 0.412109 0.099609 0.144531
1 0.442383 0.412109 0.099609 0.144531
0 0.549805 0.412109 0.099609 0.144531
1 0.657227 0.412109 0.099609 0.144531
1 0.764648 0.412109 0.099609 0.144531
0 0.872070 0.412109 0.099609 0.144531