1 0.166667 0.078993 0.125000 0.078125
0 0.298611 0.078993 0.125000 0.078125
1 0.430556 0.078993 0.125000 0.078125
0 0.562500 0.078993 0.125000 0.078125
1 0.694444 0.078993 0.125000 0.078125
0 0.826389 0.078993 0.125000 0.078125
1 0.157986 0.315972 0.128472 0.059028
0 0.293403 0.315972 0.128472 0.059028
1 0.428819 0.315972 0.128472 0.059028
1 0.564236 0.315972 0.128472 0.059028
0 0.699653 0.315972 0.128472 0.059028
1 0.835069 0.315972 0.128472 0.059028
0 0.158854 0.546007 0.161458 0.064236
1 0.327257 0.546007 0.161458 0.064236
1 0.495660 0.546007 0.161458 0.064236
1 0.664062 0.546007 0.161458 0.064236
1 0.832465 0.546007 0.161458 0.064236
1 0.138021 0.784722 0.171875 0.076389
0 0.316840 0.784722 0.171875 0.076389
1 0.495660 0.784722 0.171875 0.076389
0 0.674479 0.784722 0.171875 0.076389
0 0.853299 0.784722 0.171875 0.076389