0 0.215625 0.103906 0.087500 0.139063
1 0.309375 0.103906 0.087500 0.139063
1 0.403125 0.103906 0.087500 0.139063
0 0.496875 0.103906 0.087500 0.139063
0 0.590625 0.103906 0.087500 0.139063
1 0.684375 0.103906 0.087500 0.139063
1 0.778125 0.103906 0.087500 0.139063
1 0.303125 0.335156 0.090625 0.117188
0 0.400000 0.335156 0.090625 0.117188
0 0.496875 0.335156 0.090625 0.117188
1 0.593750 0.335156 0.090625 0.117188
0 0.690625 0.335156 0.090625 0.117188
1 0.184375 0.560156 0.071875 0.126562
0 0.262500 0.560156 0.071875 0.126562
0 0.340625 0.560156 0.071875 0.126562
1 0.418750 0.560156 0.071875 0.126562
1 0.496875 0.560156 0.071875 0.126562
1 0.575000 0.560156 0.071875 0.126562
1 0.653125 0.560156 0.071875 0.126562
1 0.731250 0.560156 0.071875 0.126562
1 0.809375 0.560156 0.071875 0.126562
1 0.228906 0.792188 0.082812 0.131250
1 0.317969 0.792188 0.082812 0.131250
0 0.407031 0.792188 0.082812 0.131250
0 0.496094 0.792188 0.082812 0.131250
0 0.585156 0.792188 0.082812 0.131250
1 0.674219 0.792188 0.082812 0.131250
1 0.763281 0.792188 0.082812 0.131250