0 0.157292 0.153125 0.127083 0.193750
1 0.292708 0.153125 0.127083 0.193750
0 0.428125 0.153125 0.127083 0.193750
0 0.563542 0.153125 0.127083 0.193750
1 0.698958 0.153125 0.127083 0.193750
1 0.834375 0.153125 0.127083 0.193750
1 0.138542 0.452083 0.093750 0.150000
0 0.240625 0.452083 0.093750 0.150000
1 0.342708 0.452083 0.093750 0.150000
0 0.444792 0.452083 0.093750 0.150000
1 0.546875 0.452083 0.093750 0.150000
1 0.648958 0.452083 0.093750 0.150000
1 0.751042 0.452083 0.093750 0.150000
1 0.853125 0.452083 0.093750 0.150000
0 0.112500 0.730208 0.087500 0.152083
1 0.208333 0.730208 0.087500 0.152083
1 0.304167 0.730208 0.087500 0.152083
1 0.400000 0.730208 0.087500 0.152083
1 0.495833 0.730208 0.087500 0.152083
0 0.591667 0.730208 0.087500 0.152083
1 0.687500 0.730208 0.087500 0.152083
1 0.783333 0.730208 0.087500 0.152083
1 0.879167 0.730208 0.087500 0.152083