0 0.123958 0.150000 0.097917 0.208333
1 0.230208 0.150000 0.097917 0.208333
1 0.336458 0.150000 0.097917 0.208333
1 0.442708 0.150000 0.097917 0.208333
1 0.548958 0.150000 0.097917 0.208333
0 0.655208 0.150000 0.097917 0.208333
1 0.761458 0.150000 0.097917 0.208333
1 0.867708 0.150000 0.097917 0.208333
1 0.138542 0.488542 0.110417 0.189583
1 0.257292 0.488542 0.110417 0.189583
1 0.376042 0.488542 0.110417 0.189583
0 0.494792 0.488542 0.110417 0.189583
0 0.613542 0.488542 0.110417 0.189583
1 0.732292 0.488542 0.110417 0.189583
1 0.851042 0.488542 0.110417 0.189583
0 0.152083 0.816667 0.129167 0.187500
1 0.289583 0.816667 0.129167 0.187500
1 0.427083 0.816667 0.129167 0.187500
1 0.564583 0.816667 0.129167 0.187500
1 0.702083 0.816667 0.129167 0.187500
1 0.839583 0.816667 0.129167 0.187500