0 0.097222 0.139757 0.072917 0.168403
1 0.177083 0.139757 0.072917 0.168403
0 0.256944 0.139757 0.072917 0.168403
0 0.336806 0.139757 0.072917 0.168403
1 0.416667 0.139757 0.072917 0.168403
1 0.496528 0.139757 0.072917 0.168403
1 0.576389 0.139757 0.072917 0.168403
1 0.656250 0.139757 0.072917 0.168403
1 0.736111 0.139757 0.072917 0.168403
0 0.815972 0.139757 0.072917 0.168403
1 0.895833 0.139757 0.072917 0.168403
1 0.167535 0.441840 0.102431 0.161458
0 0.276910 0.441840 0.102431 0.161458
1 0.386285 0.441840 0.102431 0.161458
1 0.495660 0.441840 0.102431 0.161458
1 0.605035 0.441840 0.102431 0.161458
0 0.714410 0.441840 0.102431 0.161458
1 0.823785 0.441840 0.102431 0.161458
1 0.355903 0.720486 0.086806 0.121528
1 0.449653 0.720486 0.086806 0.121528
0 0.543403 0.720486 0.086806 0.121528
1 0.637153 0.720486 0.086806 0.121528