1 0.159180 0.150391 0.126953 0.183594
1 0.293945 0.150391 0.126953 0.183594
1 0.428711 0.150391 0.126953 0.183594
1 0.563477 0.150391 0.126953 0.183594
1 0.698242 0.150391 0.126953 0.183594
1 0.833008 0.150391 0.126953 0.183594
1 0.295898 0.479492 0.091797 0.181641
0 0.395508 0.479492 0.091797 0.181641
1 0.495117 0.479492 0.091797 0.181641
1 0.594727 0.479492 0.091797 0.181641
1 0.694336 0.479492 0.091797 0.181641
1 0.208008 0.798828 0.087891 0.164062
1 0.303711 0.798828 0.087891 0.164062
1 0.399414 0.798828 0.087891 0.164062
0 0.495117 0.798828 0.087891 0.164062
0 0.590820 0.798828 0.087891 0.164062
0 0.686523 0.798828 0.087891 0.164062
1 0.782227 0.798828 0.087891 0.164062