1 0.170833 0.128125 0.154167 0.085417
1 0.333333 0.128125 0.154167 0.085417
1 0.495833 0.128125 0.154167 0.085417
0 0.658333 0.128125 0.154167 0.085417
0 0.820833 0.128125 0.154167 0.085417
1 0.165625 0.400000 0.156250 0.066667
0 0.330208 0.400000 0.156250 0.066667
1 0.494792 0.400000 0.156250 0.066667
1 0.659375 0.400000 0.156250 0.066667
0 0.823958 0.400000 0.156250 0.066667
1 0.195833 0.669792 0.191667 0.081250
1 0.395833 0.669792 0.191667 0.081250
0 0.595833 0.669792 0.191667 0.081250
0 0.795833 0.669792 0.191667 0.081250