0 0.313281 0.128906 0.067187 0.120313
1 0.386719 0.128906 0.067187 0.120313
1 0.460156 0.128906 0.067187 0.120313
1 0.533594 0.128906 0.067187 0.120313
1 0.607031 0.128906 0.067187 0.120313
0 0.680469 0.128906 0.067187 0.120313
0 0.239844 0.376563 0.057813 0.103125
1 0.303906 0.376563 0.057813 0.103125
0 0.367969 0.376563 0.057813 0.103125
1 0.432031 0.376563 0.057813 0.103125
1 0.496094 0.376563 0.057813 0.103125
1 0.560156 0.376563 0.057813 0.103125
1 0.624219 0.376563 0.057813 0.103125
1 0.688281 0.376563 0.057813 0.103125
1 0.752344 0.376563 0.057813 0.103125