1 0.292969 0.130859 0.093750 0.156250
0 0.394531 0.130859 0.093750 0.156250
0 0.496094 0.130859 0.093750 0.156250
1 0.597656 0.130859 0.093750 0.156250
1 0.699219 0.130859 0.093750 0.156250
0 0.184570 0.453125 0.095703 0.140625
1 0.288086 0.453125 0.095703 0.140625
1 0.391602 0.453125 0.095703 0.140625
1 0.495117 0.453125 0.095703 0.140625
1 0.598633 0.453125 0.095703 0.140625
1 0.702148 0.453125 0.095703 0.140625
0 0.805664 0.453125 0.095703 0.140625
0 0.219727 0.777344 0.083984 0.160156
1 0.311523 0.777344 0.083984 0.160156
1 0.403320 0.777344 0.083984 0.160156
0 0.495117 0.777344 0.083984 0.160156
1 0.586914 0.777344 0.083984 0.160156
1 0.678711 0.777344 0.083984 0.160156
1 0.770508 0.777344 0.083984 0.160156