1 0.225586 0.128906 0.126953 0.164062
0 0.360352 0.128906 0.126953 0.164062
1 0.495117 0.128906 0.126953 0.164062
1 0.629883 0.128906 0.126953 0.164062
1 0.764648 0.128906 0.126953 0.164062
1 0.105469 0.454102 0.089844 0.138672
1 0.203125 0.454102 0.089844 0.138672
0 0.300781 0.454102 0.089844 0.138672
1 0.398438 0.454102 0.089844 0.138672
1 0.496094 0.454102 0.089844 0.138672
1 0.593750 0.454102 0.089844 0.138672
1 0.691406 0.454102 0.089844 0.138672
1 0.789062 0.454102 0.089844 0.138672
1 0.886719 0.454102 0.089844 0.138672
1 0.219727 0.770508 0.083984 0.146484
1 0.311523 0.770508 0.083984 0.146484
1 0.403320 0.770508 0.083984 0.146484
1 0.495117 0.770508 0.083984 0.146484
0 0.586914 0.770508 0.083984 0.146484
0 0.678711 0.770508 0.083984 0.146484
1 0.770508 0.770508 0.083984 0.146484