0 0.348090 0.157986 0.092014 0.170139
0 0.447049 0.157986 0.092014 0.170139
0 0.546007 0.157986 0.092014 0.170139
1 0.644965 0.157986 0.092014 0.170139
1 0.149306 0.448785 0.079861 0.151042
0 0.236111 0.448785 0.079861 0.151042
0 0.322917 0.448785 0.079861 0.151042
1 0.409722 0.448785 0.079861 0.151042
1 0.496528 0.448785 0.079861 0.151042
1 0.583333 0.448785 0.079861 0.151042
0 0.670139 0.448785 0.079861 0.151042
1 0.756944 0.448785 0.079861 0.151042
1 0.843750 0.448785 0.079861 0.151042
1 0.121528 0.718750 0.076389 0.128472
1 0.204861 0.718750 0.076389 0.128472
1 0.288194 0.718750 0.076389 0.128472
1 0.371528 0.718750 0.076389 0.128472
1 0.454861 0.718750 0.076389 0.128472
1 0.538194 0.718750 0.076389 0.128472
1 0.621528 0.718750 0.076389 0.128472
0 0.704861 0.718750 0.076389 0.128472
1 0.788194 0.718750 0.076389 0.128472
1 0.871528 0.718750 0.076389 0.128472