1 0.129167 0.139583 0.083333 0.175000
1 0.220833 0.139583 0.083333 0.175000
1 0.312500 0.139583 0.083333 0.175000
1 0.404167 0.139583 0.083333 0.175000
1 0.495833 0.139583 0.083333 0.175000
0 0.587500 0.139583 0.083333 0.175000
1 0.679167 0.139583 0.083333 0.175000
1 0.770833 0.139583 0.083333 0.175000
1 0.862500 0.139583 0.083333 0.175000
1 0.145833 0.503125 0.108333 0.177083
0 0.262500 0.503125 0.108333 0.177083
1 0.379167 0.503125 0.108333 0.177083
0 0.495833 0.503125 0.108333 0.177083
0 0.612500 0.503125 0.108333 0.177083
0 0.729167 0.503125 0.108333 0.177083
0 0.845833 0.503125 0.108333 0.177083