1 0.264844 0.091406 0.148438 0.051562
1 0.419531 0.091406 0.148438 0.051562
1 0.574219 0.091406 0.148438 0.051562
1 0.728906 0.091406 0.148438 0.051562
1 0.160938 0.260937 0.128125 0.068750
1 0.295312 0.260937 0.128125 0.068750
0 0.429688 0.260937 0.128125 0.068750
1 0.564063 0.260937 0.128125 0.068750
1 0.698438 0.260937 0.128125 0.068750
1 0.832812 0.260937 0.128125 0.068750
1 0.285938 0.436719 0.134375 0.064062
1 0.426563 0.436719 0.134375 0.064062
1 0.567187 0.436719 0.134375 0.064062
1 0.707812 0.436719 0.134375 0.064062
1 0.160938 0.607031 0.128125 0.057813
1 0.295312 0.607031 0.128125 0.057813
0 0.429688 0.607031 0.128125 0.057813
1 0.564063 0.607031 0.128125 0.057813
1 0.698438 0.607031 0.128125 0.057813
1 0.832812 0.607031 0.128125 0.057813
1 0.180469 0.773438 0.120313 0.056250
1 0.307031 0.773438 0.120313 0.056250
0 0.433594 0.773438 0.120313 0.056250
0 0.560156 0.773438 0.120313 0.056250
1 0.686719 0.773438 0.120313 0.056250
1 0.813281 0.773438 0.120313 0.056250