1 0.159180 0.155273 0.076172 0.150391
0 0.243164 0.155273 0.076172 0.150391
1 0.327148 0.155273 0.076172 0.150391
1 0.411133 0.155273 0.076172 0.150391
1 0.495117 0.155273 0.076172 0.150391
1 0.579102 0.155273 0.076172 0.150391
1 0.663086 0.155273 0.076172 0.150391
0 0.747070 0.155273 0.076172 0.150391
1 0.831055 0.155273 0.076172 0.150391
1 0.167969 0.470703 0.085938 0.164062
1 0.261719 0.470703 0.085938 0.164062
1 0.355469 0.470703 0.085938 0.164062
0 0.449219 0.470703 0.085938 0.164062
0 0.542969 0.470703 0.085938 0.164062
1 0.636719 0.470703 0.085938 0.164062
1 0.730469 0.470703 0.085938 0.164062
1 0.824219 0.470703 0.085938 0.164062
1 0.212891 0.793945 0.105469 0.166016
1 0.326172 0.793945 0.105469 0.166016
0 0.439453 0.793945 0.105469 0.166016
1 0.552734 0.793945 0.105469 0.166016
1 0.666016 0.793945 0.105469 0.166016
1 0.779297 0.793945 0.105469 0.166016