0 0.336719 0.131250 0.073438 0.115625
0 0.416406 0.131250 0.073438 0.115625
1 0.496094 0.131250 0.073438 0.115625
1 0.575781 0.131250 0.073438 0.115625
1 0.655469 0.131250 0.073438 0.115625
1 0.145313 0.373437 0.071875 0.103125
1 0.223438 0.373437 0.071875 0.103125
0 0.301563 0.373437 0.071875 0.103125
0 0.379688 0.373437 0.071875 0.103125
0 0.457813 0.373437 0.071875 0.103125
1 0.535937 0.373437 0.071875 0.103125
0 0.614062 0.373437 0.071875 0.103125
0 0.692187 0.373437 0.071875 0.103125
1 0.770312 0.373437 0.071875 0.103125
0 0.848437 0.373437 0.071875 0.103125
1 0.128906 0.626563 0.067187 0.137500
1 0.202344 0.626563 0.067187 0.137500
1 0.275781 0.626563 0.067187 0.137500
0 0.349219 0.626563 0.067187 0.137500
0 0.422656 0.626563 0.067187 0.137500
1 0.496094 0.626563 0.067187 0.137500
1 0.569531 0.626563 0.067187 0.137500
0 0.642969 0.626563 0.067187 0.137500
0 0.716406 0.626563 0.067187 0.137500
0 0.789844 0.626563 0.067187 0.137500
1 0.863281 0.626563 0.067187 0.137500