1 0.228299 0.100694 0.171875 0.059028
0 0.407118 0.100694 0.171875 0.059028
1 0.585938 0.100694 0.171875 0.059028
0 0.764757 0.100694 0.171875 0.059028
0 0.200521 0.283854 0.140625 0.067708
1 0.348090 0.283854 0.140625 0.067708
1 0.495660 0.283854 0.140625 0.067708
0 0.643229 0.283854 0.140625 0.067708
0 0.790799 0.283854 0.140625 0.067708
1 0.186632 0.473958 0.147569 0.072917
1 0.341146 0.473958 0.147569 0.072917
1 0.495660 0.473958 0.147569 0.072917
1 0.650174 0.473958 0.147569 0.072917
0 0.804688 0.473958 0.147569 0.072917
1 0.200521 0.667535 0.140625 0.074653
1 0.348090 0.667535 0.140625 0.074653
1 0.495660 0.667535 0.140625 0.074653
0 0.643229 0.667535 0.140625 0.074653
0 0.790799 0.667535 0.140625 0.074653