1 0.135417 0.159722 0.083333 0.166667
1 0.225694 0.159722 0.083333 0.166667
1 0.315972 0.159722 0.083333 0.166667
1 0.406250 0.159722 0.083333 0.166667
1 0.496528 0.159722 0.083333 0.166667
1 0.586806 0.159722 0.083333 0.166667
1 0.677083 0.159722 0.083333 0.166667
0 0.767361 0.159722 0.083333 0.166667
1 0.857639 0.159722 0.083333 0.166667
1 0.135417 0.422743 0.083333 0.151042
0 0.225694 0.422743 0.083333 0.151042
1 0.315972 0.422743 0.083333 0.151042
1 0.406250 0.422743 0.083333 0.151042
0 0.496528 0.422743 0.083333 0.151042
0 0.586806 0.422743 0.083333 0.151042
0 0.677083 0.422743 0.083333 0.151042
0 0.767361 0.422743 0.083333 0.151042
1 0.857639 0.422743 0.083333 0.151042