0 0.197049 0.120660 0.067708 0.130208
1 0.271701 0.120660 0.067708 0.130208
1 0.346354 0.120660 0.067708 0.130208
1 0.421007 0.120660 0.067708 0.130208
1 0.495660 0.120660 0.067708 0.130208
1 0.570312 0.120660 0.067708 0.130208
0 0.644965 0.120660 0.067708 0.130208
1 0.719618 0.120660 0.067708 0.130208
1 0.794271 0.120660 0.067708 0.130208
1 0.122396 0.429688 0.067708 0.157986
1 0.197049 0.429688 0.067708 0.157986
1 0.271701 0.429688 0.067708 0.157986
0 0.346354 0.429688 0.067708 0.157986
1 0.421007 0.429688 0.067708 0.157986
1 0.495660 0.429688 0.067708 0.157986
0 0.570312 0.429688 0.067708 0.157986
0 0.644965 0.429688 0.067708 0.157986
1 0.719618 0.429688 0.067708 0.157986
1 0.794271 0.429688 0.067708 0.157986
0 0.868924 0.429688 0.067708 0.157986
0 0.149306 0.732639 0.062500 0.118056
1 0.218750 0.732639 0.062500 0.118056
1 0.288194 0.732639 0.062500 0.118056
0 0.357639 0.732639 0.062500 0.118056
1 0.427083 0.732639 0.062500 0.118056
1 0.496528 0.732639 0.062500 0.118056
1 0.565972 0.732639 0.062500 0.118056
0 0.635417 0.732639 0.062500 0.118056
0 0.704861 0.732639 0.062500 0.118056
1 0.774306 0.732639 0.062500 0.118056
1 0.843750 0.732639 0.062500 0.118056