1 0.123958 0.145833 0.097917 0.166667
1 0.230208 0.145833 0.097917 0.166667
1 0.336458 0.145833 0.097917 0.166667
1 0.442708 0.145833 0.097917 0.166667
0 0.548958 0.145833 0.097917 0.166667
1 0.655208 0.145833 0.097917 0.166667
1 0.761458 0.145833 0.097917 0.166667
1 0.867708 0.145833 0.097917 0.166667
1 0.151042 0.494792 0.106250 0.185417
1 0.265625 0.494792 0.106250 0.185417
1 0.380208 0.494792 0.106250 0.185417
0 0.494792 0.494792 0.106250 0.185417
1 0.609375 0.494792 0.106250 0.185417
1 0.723958 0.494792 0.106250 0.185417
0 0.838542 0.494792 0.106250 0.185417