1 0.198958 0.111458 0.189583 0.089583
1 0.396875 0.111458 0.189583 0.089583
1 0.594792 0.111458 0.189583 0.089583
0 0.792708 0.111458 0.189583 0.089583
1 0.211458 0.344792 0.181250 0.093750
0 0.401042 0.344792 0.181250 0.093750
1 0.590625 0.344792 0.181250 0.093750
1 0.780208 0.344792 0.181250 0.093750
0 0.177083 0.566667 0.204167 0.066667
1 0.389583 0.566667 0.204167 0.066667
1 0.602083 0.566667 0.204167 0.066667
1 0.814583 0.566667 0.204167 0.066667
1 0.214583 0.777083 0.179167 0.070833
1 0.402083 0.777083 0.179167 0.070833
1 0.589583 0.777083 0.179167 0.070833
1 0.777083 0.777083 0.179167 0.070833