1 0.278125 0.137500 0.081250 0.121875
1 0.365625 0.137500 0.081250 0.121875
0 0.453125 0.137500 0.081250 0.121875
1 0.540625 0.137500 0.081250 0.121875
1 0.628125 0.137500 0.081250 0.121875
1 0.715625 0.137500 0.081250 0.121875
1 0.117188 0.428906 0.078125 0.148438
0 0.201563 0.428906 0.078125 0.148438
1 0.285938 0.428906 0.078125 0.148438
1 0.370312 0.428906 0.078125 0.148438
0 0.454688 0.428906 0.078125 0.148438
1 0.539062 0.428906 0.078125 0.148438
0 0.623437 0.428906 0.078125 0.148438
1 0.707812 0.428906 0.078125 0.148438
1 0.792188 0.428906 0.078125 0.148438
0 0.876563 0.428906 0.078125 0.148438
1 0.131250 0.730469 0.075000 0.142187
1 0.212500 0.730469 0.075000 0.142187
1 0.293750 0.730469 0.075000 0.142187
1 0.375000 0.730469 0.075000 0.142187
1 0.456250 0.730469 0.075000 0.142187
0 0.537500 0.730469 0.075000 0.142187
1 0.618750 0.730469 0.075000 0.142187
1 0.700000 0.730469 0.075000 0.142187
1 0.781250 0.730469 0.075000 0.142187
0 0.862500 0.730469 0.075000 0.142187