1 0.196875 0.109375 0.068750 0.121875
0 0.271875 0.109375 0.068750 0.121875
1 0.346875 0.109375 0.068750 0.121875
1 0.421875 0.109375 0.068750 0.121875
1 0.496875 0.109375 0.068750 0.121875
1 0.571875 0.109375 0.068750 0.121875
1 0.646875 0.109375 0.068750 0.121875
1 0.721875 0.109375 0.068750 0.121875
0 0.796875 0.109375 0.068750 0.121875
0 0.131250 0.379688 0.075000 0.137500
1 0.212500 0.379688 0.075000 0.137500
1 0.293750 0.379688 0.075000 0.137500
1 0.375000 0.379688 0.075000 0.137500
1 0.456250 0.379688 0.075000 0.137500
0 0.537500 0.379688 0.075000 0.137500
0 0.618750 0.379688 0.075000 0.137500
1 0.700000 0.379688 0.075000 0.137500
1 0.781250 0.379688 0.075000 0.137500
1 0.862500 0.379688 0.075000 0.137500
1 0.172656 0.655469 0.101562 0.132812
0 0.280469 0.655469 0.101562 0.132812
1 0.388281 0.655469 0.101562 0.132812
1 0.496094 0.655469 0.101562 0.132812
1 0.603906 0.655469 0.101562 0.132812
1 0.711719 0.655469 0.101562 0.132812
0 0.819531 0.655469 0.101562 0.132812