1 0.175347 0.066840 0.121528 0.057292
1 0.303819 0.066840 0.121528 0.057292
1 0.432292 0.066840 0.121528 0.057292
1 0.560764 0.066840 0.121528 0.057292
1 0.689236 0.066840 0.121528 0.057292
1 0.817708 0.066840 0.121528 0.057292
0 0.142361 0.285590 0.170139 0.060764
0 0.319444 0.285590 0.170139 0.060764
1 0.496528 0.285590 0.170139 0.060764
1 0.673611 0.285590 0.170139 0.060764
1 0.850694 0.285590 0.170139 0.060764
1 0.170139 0.509549 0.156250 0.067708
1 0.333333 0.509549 0.156250 0.067708
1 0.496528 0.509549 0.156250 0.067708
1 0.659722 0.509549 0.156250 0.067708
1 0.822917 0.509549 0.156250 0.067708
1 0.184028 0.729167 0.149306 0.052083
1 0.340278 0.729167 0.149306 0.052083
1 0.496528 0.729167 0.149306 0.052083
1 0.652778 0.729167 0.149306 0.052083
1 0.809028 0.729167 0.149306 0.052083