0 0.405469 0.107813 0.054688 0.146875
1 0.466406 0.107813 0.054688 0.146875
1 0.527344 0.107813 0.054688 0.146875
0 0.588281 0.107813 0.054688 0.146875
0 0.097656 0.364063 0.073438 0.140625
1 0.177344 0.364063 0.073438 0.140625
0 0.257031 0.364063 0.073438 0.140625
1 0.336719 0.364063 0.073438 0.140625
1 0.416406 0.364063 0.073438 0.140625
1 0.496094 0.364063 0.073438 0.140625
1 0.575781 0.364063 0.073438 0.140625
0 0.655469 0.364063 0.073438 0.140625
0 0.735156 0.364063 0.073438 0.140625
0 0.814844 0.364063 0.073438 0.140625
0 0.894531 0.364063 0.073438 0.140625