1 0.288194 0.131076 0.076389 0.130208
0 0.371528 0.131076 0.076389 0.130208
0 0.454861 0.131076 0.076389 0.130208
0 0.538194 0.131076 0.076389 0.130208
1 0.621528 0.131076 0.076389 0.130208
0 0.704861 0.131076 0.076389 0.130208
1 0.121528 0.383681 0.086806 0.142361
0 0.215278 0.383681 0.086806 0.142361
0 0.309028 0.383681 0.086806 0.142361
0 0.402778 0.383681 0.086806 0.142361
0 0.496528 0.383681 0.086806 0.142361
1 0.590278 0.383681 0.086806 0.142361
0 0.684028 0.383681 0.086806 0.142361
0 0.777778 0.383681 0.086806 0.142361
0 0.871528 0.383681 0.086806 0.142361
1 0.374132 0.649306 0.074653 0.156250
1 0.455729 0.649306 0.074653 0.156250
1 0.537326 0.649306 0.074653 0.156250
1 0.618924 0.649306 0.074653 0.156250