1 0.232639 0.069444 0.125000 0.062500
1 0.364583 0.069444 0.125000 0.062500
1 0.496528 0.069444 0.125000 0.062500
0 0.628472 0.069444 0.125000 0.062500
0 0.760417 0.069444 0.125000 0.062500
1 0.136285 0.281250 0.137153 0.072917
0 0.280382 0.281250 0.137153 0.072917
1 0.424479 0.281250 0.137153 0.072917
1 0.568576 0.281250 0.137153 0.072917
0 0.712674 0.281250 0.137153 0.072917
0 0.856771 0.281250 0.137153 0.072917
1 0.149306 0.487847 0.131944 0.052083
0 0.288194 0.487847 0.131944 0.052083
1 0.427083 0.487847 0.131944 0.052083
1 0.565972 0.487847 0.131944 0.052083
0 0.704861 0.487847 0.131944 0.052083
0 0.843750 0.487847 0.131944 0.052083
1 0.153646 0.690972 0.130208 0.065972
0 0.290799 0.690972 0.130208 0.065972
1 0.427951 0.690972 0.130208 0.065972
0 0.565104 0.690972 0.130208 0.065972
0 0.702257 0.690972 0.130208 0.065972
1 0.839410 0.690972 0.130208 0.065972