1 0.195312 0.141602 0.078125 0.142578
1 0.281250 0.141602 0.078125 0.142578
0 0.367188 0.141602 0.078125 0.142578
1 0.453125 0.141602 0.078125 0.142578
1 0.539062 0.141602 0.078125 0.142578
0 0.625000 0.141602 0.078125 0.142578
1 0.710938 0.141602 0.078125 0.142578
0 0.796875 0.141602 0.078125 0.142578
0 0.208008 0.441406 0.107422 0.128906
0 0.323242 0.441406 0.107422 0.128906
1 0.438477 0.441406 0.107422 0.128906
0 0.553711 0.441406 0.107422 0.128906
1 0.668945 0.441406 0.107422 0.128906
0 0.784180 0.441406 0.107422 0.128906
1 0.271484 0.754883 0.082031 0.169922
1 0.361328 0.754883 0.082031 0.169922
1 0.451172 0.754883 0.082031 0.169922
1 0.541016 0.754883 0.082031 0.169922
0 0.630859 0.754883 0.082031 0.169922
0 0.720703 0.754883 0.082031 0.169922