1 0.156250 0.149414 0.105469 0.146484
1 0.269531 0.149414 0.105469 0.146484
1 0.382812 0.149414 0.105469 0.146484
1 0.496094 0.149414 0.105469 0.146484
0 0.609375 0.149414 0.105469 0.146484
1 0.722656 0.149414 0.105469 0.146484
0 0.835938 0.149414 0.105469 0.146484
1 0.167969 0.450195 0.101562 0.181641
1 0.277344 0.450195 0.101562 0.181641
1 0.386719 0.450195 0.101562 0.181641
0 0.496094 0.450195 0.101562 0.181641
1 0.605469 0.450195 0.101562 0.181641
1 0.714844 0.450195 0.101562 0.181641
1 0.824219 0.450195 0.101562 0.181641
0 0.156250 0.746094 0.105469 0.136719
1 0.269531 0.746094 0.105469 0.136719
1 0.382812 0.746094 0.105469 0.136719
1 0.496094 0.746094 0.105469 0.136719
0 0.609375 0.746094 0.105469 0.136719
0 0.722656 0.746094 0.105469 0.136719
1 0.835938 0.746094 0.105469 0.136719