1 0.280273 0.137695 0.099609 0.138672
1 0.387695 0.137695 0.099609 0.138672
1 0.495117 0.137695 0.099609 0.138672
1 0.602539 0.137695 0.099609 0.138672
1 0.709961 0.137695 0.099609 0.138672
1 0.337891 0.452148 0.097656 0.142578
1 0.443359 0.452148 0.097656 0.142578
0 0.548828 0.452148 0.097656 0.142578
1 0.654297 0.452148 0.097656 0.142578
0 0.156250 0.763672 0.105469 0.132812
1 0.269531 0.763672 0.105469 0.132812
0 0.382812 0.763672 0.105469 0.132812
0 0.496094 0.763672 0.105469 0.132812
1 0.609375 0.763672 0.105469 0.132812
1 0.722656 0.763672 0.105469 0.132812
0 0.835938 0.763672 0.105469 0.132812