1 0.256250 0.093750 0.062500 0.125000
1 0.325000 0.093750 0.062500 0.125000
0 0.393750 0.093750 0.062500 0.125000
1 0.462500 0.093750 0.062500 0.125000
1 0.531250 0.093750 0.062500 0.125000
1 0.600000 0.093750 0.062500 0.125000
1 0.668750 0.093750 0.062500 0.125000
1 0.737500 0.093750 0.062500 0.125000
1 0.266406 0.340625 0.085938 0.103125
0 0.358594 0.340625 0.085938 0.103125
1 0.450781 0.340625 0.085938 0.103125
1 0.542969 0.340625 0.085938 0.103125
1 0.635156 0.340625 0.085938 0.103125
0 0.727344 0.340625 0.085938 0.103125