1 0.179167 0.110417 0.150000 0.066667
0 0.337500 0.110417 0.150000 0.066667
1 0.495833 0.110417 0.150000 0.066667
0 0.654167 0.110417 0.150000 0.066667
1 0.812500 0.110417 0.150000 0.066667
1 0.217708 0.379167 0.177083 0.066667
1 0.403125 0.379167 0.177083 0.066667
1 0.588542 0.379167 0.177083 0.066667
1 0.773958 0.379167 0.177083 0.066667
1 0.187500 0.650000 0.145833 0.070833
0 0.341667 0.650000 0.145833 0.070833
1 0.495833 0.650000 0.145833 0.070833
1 0.650000 0.650000 0.145833 0.070833
1 0.804167 0.650000 0.145833 0.070833