1 0.133789 0.141602 0.095703 0.181641
0 0.237305 0.141602 0.095703 0.181641
1 0.340820 0.141602 0.095703 0.181641
1 0.444336 0.141602 0.095703 0.181641
1 0.547852 0.141602 0.095703 0.181641
1 0.651367 0.141602 0.095703 0.181641
0 0.754883 0.141602 0.095703 0.181641
1 0.858398 0.141602 0.095703 0.181641
0 0.184570 0.423828 0.095703 0.144531
0 0.288086 0.423828 0.095703 0.144531
1 0.391602 0.423828 0.095703 0.144531
0 0.495117 0.423828 0.095703 0.144531
1 0.598633 0.423828 0.095703 0.144531
1 0.702148 0.423828 0.095703 0.144531
1 0.805664 0.423828 0.095703 0.144531
0 0.096680 0.689453 0.091797 0.148438
1 0.196289 0.689453 0.091797 0.148438
1 0.295898 0.689453 0.091797 0.148438
0 0.395508 0.689453 0.091797 0.148438
1 0.495117 0.689453 0.091797 0.148438
1 0.594727 0.689453 0.091797 0.148438
1 0.694336 0.689453 0.091797 0.148438
0 0.793945 0.689453 0.091797 0.148438
1 0.893555 0.689453 0.091797 0.148438