0 0.169471 0.175481 0.098558 0.187500
1 0.277644 0.175481 0.098558 0.187500
1 0.385817 0.175481 0.098558 0.187500
1 0.493990 0.175481 0.098558 0.187500
1 0.602163 0.175481 0.098558 0.187500
1 0.710337 0.175481 0.098558 0.187500
0 0.818510 0.175481 0.098558 0.187500
0 0.149038 0.572115 0.105769 0.221154
1 0.264423 0.572115 0.105769 0.221154
0 0.379808 0.572115 0.105769 0.221154
1 0.495192 0.572115 0.105769 0.221154
1 0.610577 0.572115 0.105769 0.221154
1 0.725962 0.572115 0.105769 0.221154
0 0.841346 0.572115 0.105769 0.221154