1 0.217014 0.172743 0.072917 0.171875
0 0.296875 0.172743 0.072917 0.171875
1 0.376736 0.172743 0.072917 0.171875
1 0.456597 0.172743 0.072917 0.171875
1 0.536458 0.172743 0.072917 0.171875
0 0.616319 0.172743 0.072917 0.171875
1 0.696181 0.172743 0.072917 0.171875
0 0.776042 0.172743 0.072917 0.171875
1 0.167535 0.464410 0.102431 0.144097
1 0.276910 0.464410 0.102431 0.144097
0 0.386285 0.464410 0.102431 0.144097
1 0.495660 0.464410 0.102431 0.144097
1 0.605035 0.464410 0.102431 0.144097
1 0.714410 0.464410 0.102431 0.144097
0 0.823785 0.464410 0.102431 0.144097
1 0.336806 0.748264 0.072917 0.156250
1 0.416667 0.748264 0.072917 0.156250
0 0.496528 0.748264 0.072917 0.156250
0 0.576389 0.748264 0.072917 0.156250
0 0.656250 0.748264 0.072917 0.156250