1 0.198958 0.083333 0.189583 0.066667
0 0.396875 0.083333 0.189583 0.066667
1 0.594792 0.083333 0.189583 0.066667
1 0.792708 0.083333 0.189583 0.066667
0 0.187500 0.342708 0.145833 0.081250
1 0.341667 0.342708 0.145833 0.081250
0 0.495833 0.342708 0.145833 0.081250
1 0.650000 0.342708 0.145833 0.081250
1 0.804167 0.342708 0.145833 0.081250
1 0.187500 0.608333 0.145833 0.079167
0 0.341667 0.608333 0.145833 0.079167
1 0.495833 0.608333 0.145833 0.079167
0 0.650000 0.608333 0.145833 0.079167
1 0.804167 0.608333 0.145833 0.079167