1 0.125000 0.177885 0.096154 0.240385
1 0.230769 0.177885 0.096154 0.240385
0 0.336538 0.177885 0.096154 0.240385
1 0.442308 0.177885 0.096154 0.240385
1 0.548077 0.177885 0.096154 0.240385
1 0.653846 0.177885 0.096154 0.240385
0 0.759615 0.177885 0.096154 0.240385
1 0.865385 0.177885 0.096154 0.240385
1 0.155048 0.566106 0.103365 0.185096
1 0.268029 0.566106 0.103365 0.185096
1 0.381010 0.566106 0.103365 0.185096
0 0.493990 0.566106 0.103365 0.185096
1 0.606971 0.566106 0.103365 0.185096
1 0.719952 0.566106 0.103365 0.185096
1 0.832933 0.566106 0.103365 0.185096