1 0.290625 0.116406 0.062500 0.145313
1 0.359375 0.116406 0.062500 0.145313
1 0.428125 0.116406 0.062500 0.145313
1 0.496875 0.116406 0.062500 0.145313
0 0.565625 0.116406 0.062500 0.145313
0 0.634375 0.116406 0.062500 0.145313
1 0.703125 0.116406 0.062500 0.145313
1 0.174219 0.361719 0.085938 0.117188
1 0.266406 0.361719 0.085938 0.117188
1 0.358594 0.361719 0.085938 0.117188
1 0.450781 0.361719 0.085938 0.117188
0 0.542969 0.361719 0.085938 0.117188
0 0.635156 0.361719 0.085938 0.117188
1 0.727344 0.361719 0.085938 0.117188
1 0.819531 0.361719 0.085938 0.117188
1 0.278125 0.608594 0.081250 0.148438
0 0.365625 0.608594 0.081250 0.148438
1 0.453125 0.608594 0.081250 0.148438
1 0.540625 0.608594 0.081250 0.148438
1 0.628125 0.608594 0.081250 0.148438
1 0.715625 0.608594 0.081250 0.148438
1 0.313281 0.870313 0.054688 0.146875
0 0.374219 0.870313 0.054688 0.146875
1 0.435156 0.870313 0.054688 0.146875
1 0.496094 0.870313 0.054688 0.146875
1 0.557031 0.870313 0.054688 0.146875
1 0.617969 0.870313 0.054688 0.146875
1 0.678906 0.870313 0.054688 0.146875