1 0.184570 0.133789 0.095703 0.169922
1 0.288086 0.133789 0.095703 0.169922
1 0.391602 0.133789 0.095703 0.169922
1 0.495117 0.133789 0.095703 0.169922
0 0.598633 0.133789 0.095703 0.169922
0 0.702148 0.133789 0.095703 0.169922
1 0.805664 0.133789 0.095703 0.169922
1 0.164062 0.490234 0.125000 0.156250
1 0.296875 0.490234 0.125000 0.156250
0 0.429688 0.490234 0.125000 0.156250
1 0.562500 0.490234 0.125000 0.156250
0 0.695312 0.490234 0.125000 0.156250
1 0.828125 0.490234 0.125000 0.156250
1 0.168945 0.847656 0.123047 0.171875
0 0.299805 0.847656 0.123047 0.171875
0 0.430664 0.847656 0.123047 0.171875
1 0.561523 0.847656 0.123047 0.171875
1 0.692383 0.847656 0.123047 0.171875
1 0.823242 0.847656 0.123047 0.171875