1 0.370117 0.151367 0.076172 0.169922
1 0.454102 0.151367 0.076172 0.169922
0 0.538086 0.151367 0.076172 0.169922
0 0.622070 0.151367 0.076172 0.169922
0 0.203125 0.496094 0.089844 0.167969
1 0.300781 0.496094 0.089844 0.167969
0 0.398438 0.496094 0.089844 0.167969
1 0.496094 0.496094 0.089844 0.167969
1 0.593750 0.496094 0.089844 0.167969
1 0.691406 0.496094 0.089844 0.167969
1 0.789062 0.496094 0.089844 0.167969
1 0.161133 0.837891 0.103516 0.164062
1 0.272461 0.837891 0.103516 0.164062
0 0.383789 0.837891 0.103516 0.164062
0 0.495117 0.837891 0.103516 0.164062
1 0.606445 0.837891 0.103516 0.164062
1 0.717773 0.837891 0.103516 0.164062
0 0.829102 0.837891 0.103516 0.164062