1 0.295139 0.138889 0.093750 0.149306
1 0.395833 0.138889 0.093750 0.149306
1 0.496528 0.138889 0.093750 0.149306
1 0.597222 0.138889 0.093750 0.149306
0 0.697917 0.138889 0.093750 0.149306
1 0.176215 0.435764 0.064236 0.149306
1 0.247396 0.435764 0.064236 0.149306
1 0.318576 0.435764 0.064236 0.149306
1 0.389757 0.435764 0.064236 0.149306
0 0.460938 0.435764 0.064236 0.149306
1 0.532118 0.435764 0.064236 0.149306
1 0.603299 0.435764 0.064236 0.149306
0 0.674479 0.435764 0.064236 0.149306
1 0.745660 0.435764 0.064236 0.149306
1 0.816840 0.435764 0.064236 0.149306