1 0.127604 0.142361 0.085069 0.149306
0 0.219618 0.142361 0.085069 0.149306
0 0.311632 0.142361 0.085069 0.149306
1 0.403646 0.142361 0.085069 0.149306
0 0.495660 0.142361 0.085069 0.149306
1 0.587674 0.142361 0.085069 0.149306
1 0.679688 0.142361 0.085069 0.149306
1 0.771701 0.142361 0.085069 0.149306
1 0.863715 0.142361 0.085069 0.149306
1 0.167535 0.424479 0.102431 0.157986
0 0.276910 0.424479 0.102431 0.157986
0 0.386285 0.424479 0.102431 0.157986
0 0.495660 0.424479 0.102431 0.157986
0 0.605035 0.424479 0.102431 0.157986
1 0.714410 0.424479 0.102431 0.157986
1 0.823785 0.424479 0.102431 0.157986
1 0.141493 0.706597 0.081597 0.149306
1 0.230035 0.706597 0.081597 0.149306
1 0.318576 0.706597 0.081597 0.149306
1 0.407118 0.706597 0.081597 0.149306
1 0.495660 0.706597 0.081597 0.149306
1 0.584201 0.706597 0.081597 0.149306
1 0.672743 0.706597 0.081597 0.149306
0 0.761285 0.706597 0.081597 0.149306
1 0.849826 0.706597 0.081597 0.149306