1 0.205469 0.085938 0.139063 0.056250
0 0.350781 0.085938 0.139063 0.056250
0 0.496094 0.085938 0.139063 0.056250
1 0.641406 0.085938 0.139063 0.056250
1 0.786719 0.085938 0.139063 0.056250
1 0.260156 0.242188 0.151562 0.056250
1 0.417969 0.242188 0.151562 0.056250
1 0.575781 0.242188 0.151562 0.056250
1 0.733594 0.242188 0.151562 0.056250
1 0.121875 0.403125 0.118750 0.065625
1 0.246875 0.403125 0.118750 0.065625
1 0.371875 0.403125 0.118750 0.065625
0 0.496875 0.403125 0.118750 0.065625
1 0.621875 0.403125 0.118750 0.065625
0 0.746875 0.403125 0.118750 0.065625
0 0.871875 0.403125 0.118750 0.065625