1 0.142361 0.152778 0.111111 0.166667
0 0.260417 0.152778 0.111111 0.166667
1 0.378472 0.152778 0.111111 0.166667
1 0.496528 0.152778 0.111111 0.166667
0 0.614583 0.152778 0.111111 0.166667
0 0.732639 0.152778 0.111111 0.166667
1 0.850694 0.152778 0.111111 0.166667
0 0.136285 0.425347 0.112847 0.145833
1 0.256076 0.425347 0.112847 0.145833
1 0.375868 0.425347 0.112847 0.145833
1 0.495660 0.425347 0.112847 0.145833
0 0.615451 0.425347 0.112847 0.145833
1 0.735243 0.425347 0.112847 0.145833
1 0.855035 0.425347 0.112847 0.145833
1 0.156250 0.683160 0.090278 0.137153
1 0.253472 0.683160 0.090278 0.137153
1 0.350694 0.683160 0.090278 0.137153
1 0.447917 0.683160 0.090278 0.137153
1 0.545139 0.683160 0.090278 0.137153
0 0.642361 0.683160 0.090278 0.137153
0 0.739583 0.683160 0.090278 0.137153
1 0.836806 0.683160 0.090278 0.137153