1 0.184375 0.097656 0.118750 0.051562
1 0.309375 0.097656 0.118750 0.051562
0 0.434375 0.097656 0.118750 0.051562
1 0.559375 0.097656 0.118750 0.051562
0 0.684375 0.097656 0.118750 0.051562
1 0.809375 0.097656 0.118750 0.051562
1 0.278906 0.243750 0.139063 0.050000
1 0.424219 0.243750 0.139063 0.050000
1 0.569531 0.243750 0.139063 0.050000
1 0.714844 0.243750 0.139063 0.050000
1 0.205469 0.396875 0.139063 0.065625
1 0.350781 0.396875 0.139063 0.065625
0 0.496094 0.396875 0.139063 0.065625
1 0.641406 0.396875 0.139063 0.065625
1 0.786719 0.396875 0.139063 0.065625