1 0.315625 0.133333 0.081250 0.150000
1 0.405208 0.133333 0.081250 0.150000
1 0.494792 0.133333 0.081250 0.150000
0 0.584375 0.133333 0.081250 0.150000
1 0.673958 0.133333 0.081250 0.150000
0 0.138542 0.431250 0.110417 0.170833
1 0.257292 0.431250 0.110417 0.170833
1 0.376042 0.431250 0.110417 0.170833
0 0.494792 0.431250 0.110417 0.170833
1 0.613542 0.431250 0.110417 0.170833
1 0.732292 0.431250 0.110417 0.170833
0 0.851042 0.431250 0.110417 0.170833
1 0.136458 0.740625 0.081250 0.172917
0 0.226042 0.740625 0.081250 0.172917
1 0.315625 0.740625 0.081250 0.172917
0 0.405208 0.740625 0.081250 0.172917
0 0.494792 0.740625 0.081250 0.172917
1 0.584375 0.740625 0.081250 0.172917
1 0.673958 0.740625 0.081250 0.172917
0 0.763542 0.740625 0.081250 0.172917
0 0.853125 0.740625 0.081250 0.172917