1 0.300000 0.118750 0.059375 0.112500
1 0.365625 0.118750 0.059375 0.112500
1 0.431250 0.118750 0.059375 0.112500
0 0.496875 0.118750 0.059375 0.112500
1 0.562500 0.118750 0.059375 0.112500
0 0.628125 0.118750 0.059375 0.112500
1 0.693750 0.118750 0.059375 0.112500
1 0.245312 0.382031 0.065625 0.148438
1 0.317188 0.382031 0.065625 0.148438
0 0.389062 0.382031 0.065625 0.148438
1 0.460938 0.382031 0.065625 0.148438
0 0.532813 0.382031 0.065625 0.148438
0 0.604688 0.382031 0.065625 0.148438
1 0.676562 0.382031 0.065625 0.148438
0 0.748437 0.382031 0.065625 0.148438
1 0.124219 0.639844 0.076563 0.101562
1 0.207031 0.639844 0.076563 0.101562
0 0.289844 0.639844 0.076563 0.101562
1 0.372656 0.639844 0.076563 0.101562
1 0.455469 0.639844 0.076563 0.101562
1 0.538281 0.639844 0.076563 0.101562
1 0.621094 0.639844 0.076563 0.101562
1 0.703906 0.639844 0.076563 0.101562
0 0.786719 0.639844 0.076563 0.101562
0 0.869531 0.639844 0.076563 0.101562