0 0.135937 0.096875 0.096875 0.109375
1 0.239063 0.096875 0.096875 0.109375
1 0.342187 0.096875 0.096875 0.109375
0 0.445312 0.096875 0.096875 0.109375
1 0.548438 0.096875 0.096875 0.109375
1 0.651563 0.096875 0.096875 0.109375
1 0.754687 0.096875 0.096875 0.109375
1 0.857812 0.096875 0.096875 0.109375
1 0.313281 0.353906 0.054688 0.145313
0 0.374219 0.353906 0.054688 0.145313
0 0.435156 0.353906 0.054688 0.145313
1 0.496094 0.353906 0.054688 0.145313
1 0.557031 0.353906 0.054688 0.145313
1 0.617969 0.353906 0.054688 0.145313
1 0.678906 0.353906 0.054688 0.145313
1 0.084375 0.628125 0.068750 0.143750
1 0.159375 0.628125 0.068750 0.143750
0 0.234375 0.628125 0.068750 0.143750
1 0.309375 0.628125 0.068750 0.143750
1 0.384375 0.628125 0.068750 0.143750
0 0.459375 0.628125 0.068750 0.143750
0 0.534375 0.628125 0.068750 0.143750
1 0.609375 0.628125 0.068750 0.143750
1 0.684375 0.628125 0.068750 0.143750
1 0.759375 0.628125 0.068750 0.143750
1 0.834375 0.628125 0.068750 0.143750
1 0.909375 0.628125 0.068750 0.143750
1 0.135937 0.892188 0.096875 0.125000
0 0.239063 0.892188 0.096875 0.125000
1 0.342187 0.892188 0.096875 0.125000
0 0.445312 0.892188 0.096875 0.125000
1 0.548438 0.892188 0.096875 0.125000
1 0.651563 0.892188 0.096875 0.125000
1 0.754687 0.892188 0.096875 0.125000
0 0.857812 0.892188 0.096875 0.125000