1 0.183594 0.111328 0.148438 0.062500
0 0.339844 0.111328 0.148438 0.062500
0 0.496094 0.111328 0.148438 0.062500
1 0.652344 0.111328 0.148438 0.062500
0 0.808594 0.111328 0.148438 0.062500
0 0.197266 0.302734 0.191406 0.070312
0 0.396484 0.302734 0.191406 0.070312
1 0.595703 0.302734 0.191406 0.070312
1 0.794922 0.302734 0.191406 0.070312
1 0.208984 0.501953 0.183594 0.078125
1 0.400391 0.501953 0.183594 0.078125
0 0.591797 0.501953 0.183594 0.078125
1 0.783203 0.501953 0.183594 0.078125
1 0.226562 0.709961 0.171875 0.087891
1 0.406250 0.709961 0.171875 0.087891
1 0.585938 0.709961 0.171875 0.087891
1 0.765625 0.709961 0.171875 0.087891