1 0.152344 0.139063 0.079687 0.131250
0 0.238281 0.139063 0.079687 0.131250
1 0.324219 0.139063 0.079687 0.131250
1 0.410156 0.139063 0.079687 0.131250
1 0.496094 0.139063 0.079687 0.131250
1 0.582031 0.139063 0.079687 0.131250
1 0.667969 0.139063 0.079687 0.131250
0 0.753906 0.139063 0.079687 0.131250
1 0.839844 0.139063 0.079687 0.131250
1 0.370312 0.377344 0.078125 0.145313
1 0.454688 0.377344 0.078125 0.145313
0 0.539062 0.377344 0.078125 0.145313
1 0.623437 0.377344 0.078125 0.145313
1 0.305469 0.606250 0.089063 0.112500
0 0.400781 0.606250 0.089063 0.112500
1 0.496094 0.606250 0.089063 0.112500
1 0.591406 0.606250 0.089063 0.112500
1 0.686719 0.606250 0.089063 0.112500