1 0.178125 0.131250 0.118750 0.145833
1 0.305208 0.131250 0.118750 0.145833
1 0.432292 0.131250 0.118750 0.145833
1 0.559375 0.131250 0.118750 0.145833
0 0.686458 0.131250 0.118750 0.145833
1 0.813542 0.131250 0.118750 0.145833
1 0.145833 0.459375 0.108333 0.177083
0 0.262500 0.459375 0.108333 0.177083
0 0.379167 0.459375 0.108333 0.177083
1 0.495833 0.459375 0.108333 0.177083
1 0.612500 0.459375 0.108333 0.177083
0 0.729167 0.459375 0.108333 0.177083
1 0.845833 0.459375 0.108333 0.177083
0 0.317708 0.801042 0.110417 0.172917
1 0.436458 0.801042 0.110417 0.172917
1 0.555208 0.801042 0.110417 0.172917
1 0.673958 0.801042 0.110417 0.172917