1 0.173828 0.145508 0.121094 0.146484
0 0.302734 0.145508 0.121094 0.146484
1 0.431641 0.145508 0.121094 0.146484
0 0.560547 0.145508 0.121094 0.146484
0 0.689453 0.145508 0.121094 0.146484
1 0.818359 0.145508 0.121094 0.146484
0 0.143555 0.464844 0.080078 0.144531
1 0.231445 0.464844 0.080078 0.144531
1 0.319336 0.464844 0.080078 0.144531
1 0.407227 0.464844 0.080078 0.144531
1 0.495117 0.464844 0.080078 0.144531
1 0.583008 0.464844 0.080078 0.144531
1 0.670898 0.464844 0.080078 0.144531
1 0.758789 0.464844 0.080078 0.144531
0 0.846680 0.464844 0.080078 0.144531
0 0.167969 0.790039 0.101562 0.158203
1 0.277344 0.790039 0.101562 0.158203
1 0.386719 0.790039 0.101562 0.158203
1 0.496094 0.790039 0.101562 0.158203
0 0.605469 0.790039 0.101562 0.158203
1 0.714844 0.790039 0.101562 0.158203
1 0.824219 0.790039 0.101562 0.158203