1 0.316406 0.114258 0.082031 0.126953
0 0.406250 0.114258 0.082031 0.126953
1 0.496094 0.114258 0.082031 0.126953
0 0.585938 0.114258 0.082031 0.126953
0 0.675781 0.114258 0.082031 0.126953
0 0.219727 0.425781 0.083984 0.164062
1 0.311523 0.425781 0.083984 0.164062
1 0.403320 0.425781 0.083984 0.164062
1 0.495117 0.425781 0.083984 0.164062
0 0.586914 0.425781 0.083984 0.164062
0 0.678711 0.425781 0.083984 0.164062
1 0.770508 0.425781 0.083984 0.164062
0 0.106445 0.766602 0.103516 0.185547
0 0.217773 0.766602 0.103516 0.185547
0 0.329102 0.766602 0.103516 0.185547
0 0.440430 0.766602 0.103516 0.185547
0 0.551758 0.766602 0.103516 0.185547
1 0.663086 0.766602 0.103516 0.185547
1 0.774414 0.766602 0.103516 0.185547
0 0.885742 0.766602 0.103516 0.185547