1 0.179167 0.111458 0.150000 0.081250
1 0.337500 0.111458 0.150000 0.081250
0 0.495833 0.111458 0.150000 0.081250
1 0.654167 0.111458 0.150000 0.081250
1 0.812500 0.111458 0.150000 0.081250
1 0.173958 0.316667 0.206250 0.062500
0 0.388542 0.316667 0.206250 0.062500
0 0.603125 0.316667 0.206250 0.062500
1 0.817708 0.316667 0.206250 0.062500
0 0.236458 0.516667 0.164583 0.070833
1 0.409375 0.516667 0.164583 0.070833
1 0.582292 0.516667 0.164583 0.070833
1 0.755208 0.516667 0.164583 0.070833
1 0.189583 0.731250 0.195833 0.091667
1 0.393750 0.731250 0.195833 0.091667
1 0.597917 0.731250 0.195833 0.091667
1 0.802083 0.731250 0.195833 0.091667