1 0.125000 0.161058 0.096154 0.173077
0 0.230769 0.161058 0.096154 0.173077
0 0.336538 0.161058 0.096154 0.173077
1 0.442308 0.161058 0.096154 0.173077
1 0.548077 0.161058 0.096154 0.173077
0 0.653846 0.161058 0.096154 0.173077
0 0.759615 0.161058 0.096154 0.173077
0 0.865385 0.161058 0.096154 0.173077
1 0.125000 0.528846 0.096154 0.197115
0 0.230769 0.528846 0.096154 0.197115
1 0.336538 0.528846 0.096154 0.197115
1 0.442308 0.528846 0.096154 0.197115
0 0.548077 0.528846 0.096154 0.197115
1 0.653846 0.528846 0.096154 0.197115
1 0.759615 0.528846 0.096154 0.197115
1 0.865385 0.528846 0.096154 0.197115