0 0.198785 0.136285 0.092014 0.164931
1 0.297743 0.136285 0.092014 0.164931
1 0.396701 0.136285 0.092014 0.164931
1 0.495660 0.136285 0.092014 0.164931
0 0.594618 0.136285 0.092014 0.164931
1 0.693576 0.136285 0.092014 0.164931
1 0.792535 0.136285 0.092014 0.164931
0 0.190972 0.448785 0.069444 0.151042
1 0.267361 0.448785 0.069444 0.151042
0 0.343750 0.448785 0.069444 0.151042
0 0.420139 0.448785 0.069444 0.151042
1 0.496528 0.448785 0.069444 0.151042
1 0.572917 0.448785 0.069444 0.151042
0 0.649306 0.448785 0.069444 0.151042
1 0.725694 0.448785 0.069444 0.151042
0 0.802083 0.448785 0.069444 0.151042
1 0.266493 0.757812 0.085069 0.157986
1 0.358507 0.757812 0.085069 0.157986
0 0.450521 0.757812 0.085069 0.157986
0 0.542535 0.757812 0.085069 0.157986
1 0.634549 0.757812 0.085069 0.157986
1 0.726562 0.757812 0.085069 0.157986