0 0.151042 0.141667 0.106250 0.166667
1 0.265625 0.141667 0.106250 0.166667
1 0.380208 0.141667 0.106250 0.166667
0 0.494792 0.141667 0.106250 0.166667
1 0.609375 0.141667 0.106250 0.166667
1 0.723958 0.141667 0.106250 0.166667
1 0.838542 0.141667 0.106250 0.166667
1 0.145833 0.462500 0.108333 0.150000
1 0.262500 0.462500 0.108333 0.150000
1 0.379167 0.462500 0.108333 0.150000
0 0.495833 0.462500 0.108333 0.150000
1 0.612500 0.462500 0.108333 0.150000
1 0.729167 0.462500 0.108333 0.150000
0 0.845833 0.462500 0.108333 0.150000