0 0.188702 0.134615 0.112981 0.163462
1 0.311298 0.134615 0.112981 0.163462
1 0.433894 0.134615 0.112981 0.163462
1 0.556490 0.134615 0.112981 0.163462
1 0.679087 0.134615 0.112981 0.163462
1 0.801683 0.134615 0.112981 0.163462
1 0.236779 0.480769 0.093750 0.225962
1 0.340144 0.480769 0.093750 0.225962
0 0.443510 0.480769 0.093750 0.225962
1 0.546875 0.480769 0.093750 0.225962
0 0.650240 0.480769 0.093750 0.225962
1 0.753606 0.480769 0.093750 0.225962
0 0.146635 0.830529 0.129808 0.170673
1 0.286058 0.830529 0.129808 0.170673
0 0.425481 0.830529 0.129808 0.170673
1 0.564904 0.830529 0.129808 0.170673
0 0.704327 0.830529 0.129808 0.170673
0 0.843750 0.830529 0.129808 0.170673