1 0.151910 0.108507 0.164931 0.078125
1 0.323785 0.108507 0.164931 0.078125
1 0.495660 0.108507 0.164931 0.078125
0 0.667535 0.108507 0.164931 0.078125
1 0.839410 0.108507 0.164931 0.078125
1 0.221354 0.341146 0.130208 0.078125
0 0.358507 0.341146 0.130208 0.078125
0 0.495660 0.341146 0.130208 0.078125
1 0.632812 0.341146 0.130208 0.078125
1 0.769965 0.341146 0.130208 0.078125
1 0.262153 0.565972 0.149306 0.062500
0 0.418403 0.565972 0.149306 0.062500
0 0.574653 0.565972 0.149306 0.062500
1 0.730903 0.565972 0.149306 0.062500