1 0.271701 0.122396 0.067708 0.154514
0 0.346354 0.122396 0.067708 0.154514
0 0.421007 0.122396 0.067708 0.154514
1 0.495660 0.122396 0.067708 0.154514
1 0.570312 0.122396 0.067708 0.154514
1 0.644965 0.122396 0.067708 0.154514
1 0.719618 0.122396 0.067708 0.154514
0 0.093750 0.414931 0.093750 0.121528
1 0.194444 0.414931 0.093750 0.121528
0 0.295139 0.414931 0.093750 0.121528
1 0.395833 0.414931 0.093750 0.121528
1 0.496528 0.414931 0.093750 0.121528
0 0.597222 0.414931 0.093750 0.121528
1 0.697917 0.414931 0.093750 0.121528
1 0.798611 0.414931 0.093750 0.121528
1 0.899306 0.414931 0.093750 0.121528
1 0.302083 0.709201 0.090278 0.157986
1 0.399306 0.709201 0.090278 0.157986
0 0.496528 0.709201 0.090278 0.157986
1 0.593750 0.709201 0.090278 0.157986
1 0.690972 0.709201 0.090278 0.157986