1 0.330469 0.134375 0.076563 0.118750
0 0.413281 0.134375 0.076563 0.118750
1 0.496094 0.134375 0.076563 0.118750
1 0.578906 0.134375 0.076563 0.118750
1 0.661719 0.134375 0.076563 0.118750
1 0.152344 0.378906 0.092188 0.151562
1 0.250781 0.378906 0.092188 0.151562
1 0.349219 0.378906 0.092188 0.151562
0 0.447656 0.378906 0.092188 0.151562
1 0.546094 0.378906 0.092188 0.151562
1 0.644531 0.378906 0.092188 0.151562
0 0.742969 0.378906 0.092188 0.151562
1 0.841406 0.378906 0.092188 0.151562
0 0.196094 0.640625 0.079687 0.153125
1 0.282031 0.640625 0.079687 0.153125
0 0.367969 0.640625 0.079687 0.153125
0 0.453906 0.640625 0.079687 0.153125
1 0.539844 0.640625 0.079687 0.153125
0 0.625781 0.640625 0.079687 0.153125
1 0.711719 0.640625 0.079687 0.153125
0 0.797656 0.640625 0.079687 0.153125