1 0.136719 0.080078 0.171875 0.082031
0 0.316406 0.080078 0.171875 0.082031
1 0.496094 0.080078 0.171875 0.082031
1 0.675781 0.080078 0.171875 0.082031
1 0.855469 0.080078 0.171875 0.082031
1 0.178711 0.360352 0.150391 0.087891
1 0.336914 0.360352 0.150391 0.087891
1 0.495117 0.360352 0.150391 0.087891
0 0.653320 0.360352 0.150391 0.087891
1 0.811523 0.360352 0.150391 0.087891
1 0.139648 0.641602 0.169922 0.083984
1 0.317383 0.641602 0.169922 0.083984
1 0.495117 0.641602 0.169922 0.083984
1 0.672852 0.641602 0.169922 0.083984
0 0.850586 0.641602 0.169922 0.083984