1 0.173828 0.170898 0.121094 0.169922
0 0.302734 0.170898 0.121094 0.169922
0 0.431641 0.170898 0.121094 0.169922
1 0.560547 0.170898 0.121094 0.169922
0 0.689453 0.170898 0.121094 0.169922
1 0.818359 0.170898 0.121094 0.169922
0 0.364258 0.462891 0.080078 0.175781
1 0.452148 0.462891 0.080078 0.175781
1 0.540039 0.462891 0.080078 0.175781
1 0.627930 0.462891 0.080078 0.175781
1 0.161133 0.743164 0.103516 0.146484
1 0.272461 0.743164 0.103516 0.146484
1 0.383789 0.743164 0.103516 0.146484
1 0.495117 0.743164 0.103516 0.146484
0 0.606445 0.743164 0.103516 0.146484
1 0.717773 0.743164 0.103516 0.146484
0 0.829102 0.743164 0.103516 0.146484