0 0.126953 0.139648 0.097656 0.158203
1 0.232422 0.139648 0.097656 0.158203
1 0.337891 0.139648 0.097656 0.158203
1 0.443359 0.139648 0.097656 0.158203
0 0.548828 0.139648 0.097656 0.158203
0 0.654297 0.139648 0.097656 0.158203
1 0.759766 0.139648 0.097656 0.158203
0 0.865234 0.139648 0.097656 0.158203
0 0.159180 0.472656 0.126953 0.195312
1 0.293945 0.472656 0.126953 0.195312
0 0.428711 0.472656 0.126953 0.195312
1 0.563477 0.472656 0.126953 0.195312
1 0.698242 0.472656 0.126953 0.195312
1 0.833008 0.472656 0.126953 0.195312
1 0.121094 0.794922 0.085938 0.136719
0 0.214844 0.794922 0.085938 0.136719
1 0.308594 0.794922 0.085938 0.136719
1 0.402344 0.794922 0.085938 0.136719
1 0.496094 0.794922 0.085938 0.136719
1 0.589844 0.794922 0.085938 0.136719
1 0.683594 0.794922 0.085938 0.136719
1 0.777344 0.794922 0.085938 0.136719
1 0.871094 0.794922 0.085938 0.136719