1 0.371528 0.157118 0.076389 0.140625
1 0.454861 0.157118 0.076389 0.140625
1 0.538194 0.157118 0.076389 0.140625
1 0.621528 0.157118 0.076389 0.140625
1 0.219618 0.420139 0.085069 0.159722
0 0.311632 0.420139 0.085069 0.159722
1 0.403646 0.420139 0.085069 0.159722
1 0.495660 0.420139 0.085069 0.159722
1 0.587674 0.420139 0.085069 0.159722
0 0.679688 0.420139 0.085069 0.159722
1 0.771701 0.420139 0.085069 0.159722
1 0.163194 0.677083 0.076389 0.128472
1 0.246528 0.677083 0.076389 0.128472
1 0.329861 0.677083 0.076389 0.128472
1 0.413194 0.677083 0.076389 0.128472
1 0.496528 0.677083 0.076389 0.128472
1 0.579861 0.677083 0.076389 0.128472
0 0.663194 0.677083 0.076389 0.128472
0 0.746528 0.677083 0.076389 0.128472
0 0.829861 0.677083 0.076389 0.128472