0 0.329102 0.122070 0.103516 0.130859
1 0.440430 0.122070 0.103516 0.130859
0 0.551758 0.122070 0.103516 0.130859
0 0.663086 0.122070 0.103516 0.130859
1 0.184570 0.423828 0.095703 0.175781
1 0.288086 0.423828 0.095703 0.175781
1 0.391602 0.423828 0.095703 0.175781
0 0.495117 0.423828 0.095703 0.175781
1 0.598633 0.423828 0.095703 0.175781
1 0.702148 0.423828 0.095703 0.175781
1 0.805664 0.423828 0.095703 0.175781
1 0.127930 0.756836 0.083984 0.193359
0 0.219727 0.756836 0.083984 0.193359
1 0.311523 0.756836 0.083984 0.193359
0 0.403320 0.756836 0.083984 0.193359
1 0.495117 0.756836 0.083984 0.193359
1 0.586914 0.756836 0.083984 0.193359
0 0.678711 0.756836 0.083984 0.193359
0 0.770508 0.756836 0.083984 0.193359
1 0.862305 0.756836 0.083984 0.193359