1 0.156250 0.149306 0.090278 0.145833
1 0.253472 0.149306 0.090278 0.145833
1 0.350694 0.149306 0.090278 0.145833
1 0.447917 0.149306 0.090278 0.145833
1 0.545139 0.149306 0.090278 0.145833
1 0.642361 0.149306 0.090278 0.145833
0 0.739583 0.149306 0.090278 0.145833
1 0.836806 0.149306 0.090278 0.145833
1 0.204861 0.397569 0.090278 0.135417
0 0.302083 0.397569 0.090278 0.135417
1 0.399306 0.397569 0.090278 0.135417
1 0.496528 0.397569 0.090278 0.135417
1 0.593750 0.397569 0.090278 0.135417
1 0.690972 0.397569 0.090278 0.135417
1 0.788194 0.397569 0.090278 0.135417
0 0.288194 0.648438 0.076389 0.151042
1 0.371528 0.648438 0.076389 0.151042
0 0.454861 0.648438 0.076389 0.151042
1 0.538194 0.648438 0.076389 0.151042
1 0.621528 0.648438 0.076389 0.151042
1 0.704861 0.648438 0.076389 0.151042