0 0.311458 0.153125 0.114583 0.181250
1 0.434375 0.153125 0.114583 0.181250
0 0.557292 0.153125 0.114583 0.181250
0 0.680208 0.153125 0.114583 0.181250
0 0.146875 0.460417 0.131250 0.175000
1 0.286458 0.460417 0.131250 0.175000
1 0.426042 0.460417 0.131250 0.175000
1 0.565625 0.460417 0.131250 0.175000
1 0.705208 0.460417 0.131250 0.175000
1 0.844792 0.460417 0.131250 0.175000
1 0.320833 0.781250 0.108333 0.208333
0 0.437500 0.781250 0.108333 0.208333
1 0.554167 0.781250 0.108333 0.208333
1 0.670833 0.781250 0.108333 0.208333