1 0.177083 0.161458 0.072917 0.156250
1 0.256944 0.161458 0.072917 0.156250
1 0.336806 0.161458 0.072917 0.156250
0 0.416667 0.161458 0.072917 0.156250
1 0.496528 0.161458 0.072917 0.156250
1 0.576389 0.161458 0.072917 0.156250
1 0.656250 0.161458 0.072917 0.156250
1 0.736111 0.161458 0.072917 0.156250
1 0.815972 0.161458 0.072917 0.156250
0 0.192708 0.480903 0.079861 0.152778
1 0.279514 0.480903 0.079861 0.152778
0 0.366319 0.480903 0.079861 0.152778
1 0.453125 0.480903 0.079861 0.152778
0 0.539931 0.480903 0.079861 0.152778
1 0.626736 0.480903 0.079861 0.152778
1 0.713542 0.480903 0.079861 0.152778
0 0.800347 0.480903 0.079861 0.152778
1 0.244792 0.784722 0.093750 0.125000
1 0.345486 0.784722 0.093750 0.125000
1 0.446181 0.784722 0.093750 0.125000
1 0.546875 0.784722 0.093750 0.125000
1 0.647569 0.784722 0.093750 0.125000
0 0.748264 0.784722 0.093750 0.125000