0 0.138281 0.112500 0.073438 0.134375
0 0.217969 0.112500 0.073438 0.134375
1 0.297656 0.112500 0.073438 0.134375
1 0.377344 0.112500 0.073438 0.134375
0 0.457031 0.112500 0.073438 0.134375
1 0.536719 0.112500 0.073438 0.134375
1 0.616406 0.112500 0.073438 0.134375
1 0.696094 0.112500 0.073438 0.134375
0 0.775781 0.112500 0.073438 0.134375
0 0.855469 0.112500 0.073438 0.134375
0 0.201563 0.382031 0.059375 0.101562
1 0.267188 0.382031 0.059375 0.101562
1 0.332813 0.382031 0.059375 0.101562
1 0.398438 0.382031 0.059375 0.101562
1 0.464062 0.382031 0.059375 0.101562
0 0.529687 0.382031 0.059375 0.101562
0 0.595313 0.382031 0.059375 0.101562
1 0.660937 0.382031 0.059375 0.101562
1 0.726562 0.382031 0.059375 0.101562
1 0.792188 0.382031 0.059375 0.101562
0 0.191406 0.638281 0.054688 0.107813
0 0.252344 0.638281 0.054688 0.107813
1 0.313281 0.638281 0.054688 0.107813
0 0.374219 0.638281 0.054688 0.107813
1 0.435156 0.638281 0.054688 0.107813
0 0.496094 0.638281 0.054688 0.107813
1 0.557031 0.638281 0.054688 0.107813
0 0.617969 0.638281 0.054688 0.107813
1 0.678906 0.638281 0.054688 0.107813
0 0.739844 0.638281 0.054688 0.107813
1 0.800781 0.638281 0.054688 0.107813