1 0.204861 0.135417 0.076389 0.135417
1 0.288194 0.135417 0.076389 0.135417
0 0.371528 0.135417 0.076389 0.135417
1 0.454861 0.135417 0.076389 0.135417
1 0.538194 0.135417 0.076389 0.135417
1 0.621528 0.135417 0.076389 0.135417
0 0.704861 0.135417 0.076389 0.135417
1 0.788194 0.135417 0.076389 0.135417
1 0.135417 0.401910 0.083333 0.161458
0 0.225694 0.401910 0.083333 0.161458
0 0.315972 0.401910 0.083333 0.161458
1 0.406250 0.401910 0.083333 0.161458
1 0.496528 0.401910 0.083333 0.161458
1 0.586806 0.401910 0.083333 0.161458
1 0.677083 0.401910 0.083333 0.161458
1 0.767361 0.401910 0.083333 0.161458
0 0.857639 0.401910 0.083333 0.161458