0 0.167969 0.163086 0.101562 0.138672
0 0.277344 0.163086 0.101562 0.138672
1 0.386719 0.163086 0.101562 0.138672
1 0.496094 0.163086 0.101562 0.138672
1 0.605469 0.163086 0.101562 0.138672
1 0.714844 0.163086 0.101562 0.138672
0 0.824219 0.163086 0.101562 0.138672
1 0.184570 0.480469 0.095703 0.148438
1 0.288086 0.480469 0.095703 0.148438
0 0.391602 0.480469 0.095703 0.148438
1 0.495117 0.480469 0.095703 0.148438
1 0.598633 0.480469 0.095703 0.148438
1 0.702148 0.480469 0.095703 0.148438
0 0.805664 0.480469 0.095703 0.148438