0 0.149414 0.117188 0.107422 0.148438
1 0.264648 0.117188 0.107422 0.148438
1 0.379883 0.117188 0.107422 0.148438
1 0.495117 0.117188 0.107422 0.148438
1 0.610352 0.117188 0.107422 0.148438
1 0.725586 0.117188 0.107422 0.148438
1 0.840820 0.117188 0.107422 0.148438
1 0.091797 0.400391 0.082031 0.152344
1 0.181641 0.400391 0.082031 0.152344
1 0.271484 0.400391 0.082031 0.152344
0 0.361328 0.400391 0.082031 0.152344
0 0.451172 0.400391 0.082031 0.152344
1 0.541016 0.400391 0.082031 0.152344
0 0.630859 0.400391 0.082031 0.152344
1 0.720703 0.400391 0.082031 0.152344
1 0.810547 0.400391 0.082031 0.152344
1 0.900391 0.400391 0.082031 0.152344