1 0.211458 0.101042 0.181250 0.068750
0 0.401042 0.101042 0.181250 0.068750
1 0.590625 0.101042 0.181250 0.068750
1 0.780208 0.101042 0.181250 0.068750
1 0.202083 0.307292 0.187500 0.089583
0 0.397917 0.307292 0.187500 0.089583
0 0.593750 0.307292 0.187500 0.089583
1 0.789583 0.307292 0.187500 0.089583
1 0.157292 0.519792 0.160417 0.081250
1 0.326042 0.519792 0.160417 0.081250
0 0.494792 0.519792 0.160417 0.081250
1 0.663542 0.519792 0.160417 0.081250
1 0.832292 0.519792 0.160417 0.081250
0 0.189583 0.731250 0.195833 0.087500
1 0.393750 0.731250 0.195833 0.087500
1 0.597917 0.731250 0.195833 0.087500
0 0.802083 0.731250 0.195833 0.087500