1 0.121094 0.126953 0.085938 0.160156
0 0.214844 0.126953 0.085938 0.160156
0 0.308594 0.126953 0.085938 0.160156
1 0.402344 0.126953 0.085938 0.160156
0 0.496094 0.126953 0.085938 0.160156
0 0.589844 0.126953 0.085938 0.160156
0 0.683594 0.126953 0.085938 0.160156
1 0.777344 0.126953 0.085938 0.160156
0 0.871094 0.126953 0.085938 0.160156
0 0.143555 0.476562 0.080078 0.160156
1 0.231445 0.476562 0.080078 0.160156
1 0.319336 0.476562 0.080078 0.160156
1 0.407227 0.476562 0.080078 0.160156
1 0.495117 0.476562 0.080078 0.160156
1 0.583008 0.476562 0.080078 0.160156
1 0.670898 0.476562 0.080078 0.160156
1 0.758789 0.476562 0.080078 0.160156
1 0.846680 0.476562 0.080078 0.160156