1 0.225000 0.122656 0.084375 0.129688
0 0.315625 0.122656 0.084375 0.129688
0 0.406250 0.122656 0.084375 0.129688
0 0.496875 0.122656 0.084375 0.129688
1 0.587500 0.122656 0.084375 0.129688
0 0.678125 0.122656 0.084375 0.129688
0 0.768750 0.122656 0.084375 0.129688
1 0.190625 0.350781 0.081250 0.129688
0 0.278125 0.350781 0.081250 0.129688
1 0.365625 0.350781 0.081250 0.129688
0 0.453125 0.350781 0.081250 0.129688
1 0.540625 0.350781 0.081250 0.129688
1 0.628125 0.350781 0.081250 0.129688
0 0.715625 0.350781 0.081250 0.129688
1 0.803125 0.350781 0.081250 0.129688