1 0.183594 0.134766 0.070312 0.160156
1 0.261719 0.134766 0.070312 0.160156
1 0.339844 0.134766 0.070312 0.160156
1 0.417969 0.134766 0.070312 0.160156
0 0.496094 0.134766 0.070312 0.160156
1 0.574219 0.134766 0.070312 0.160156
0 0.652344 0.134766 0.070312 0.160156
1 0.730469 0.134766 0.070312 0.160156
1 0.808594 0.134766 0.070312 0.160156
1 0.238281 0.468750 0.121094 0.148438
1 0.367188 0.468750 0.121094 0.148438
0 0.496094 0.468750 0.121094 0.148438
1 0.625000 0.468750 0.121094 0.148438
1 0.753906 0.468750 0.121094 0.148438
0 0.147461 0.804688 0.091797 0.164062
1 0.247070 0.804688 0.091797 0.164062
1 0.346680 0.804688 0.091797 0.164062
1 0.446289 0.804688 0.091797 0.164062
0 0.545898 0.804688 0.091797 0.164062
1 0.645508 0.804688 0.091797 0.164062
0 0.745117 0.804688 0.091797 0.164062
1 0.844727 0.804688 0.091797 0.164062