1 0.126042 0.131250 0.114583 0.141667
1 0.248958 0.131250 0.114583 0.141667
1 0.371875 0.131250 0.114583 0.141667
1 0.494792 0.131250 0.114583 0.141667
1 0.617708 0.131250 0.114583 0.141667
0 0.740625 0.131250 0.114583 0.141667
1 0.863542 0.131250 0.114583 0.141667
1 0.167708 0.463542 0.085417 0.147917
1 0.261458 0.463542 0.085417 0.147917
1 0.355208 0.463542 0.085417 0.147917
1 0.448958 0.463542 0.085417 0.147917
0 0.542708 0.463542 0.085417 0.147917
1 0.636458 0.463542 0.085417 0.147917
1 0.730208 0.463542 0.085417 0.147917
1 0.823958 0.463542 0.085417 0.147917