0 0.190625 0.131250 0.081250 0.106250
0 0.278125 0.131250 0.081250 0.106250
0 0.365625 0.131250 0.081250 0.106250
0 0.453125 0.131250 0.081250 0.106250
1 0.540625 0.131250 0.081250 0.106250
1 0.628125 0.131250 0.081250 0.106250
0 0.715625 0.131250 0.081250 0.106250
0 0.803125 0.131250 0.081250 0.106250
0 0.212500 0.383594 0.075000 0.110937
1 0.293750 0.383594 0.075000 0.110937
1 0.375000 0.383594 0.075000 0.110937
1 0.456250 0.383594 0.075000 0.110937
1 0.537500 0.383594 0.075000 0.110937
0 0.618750 0.383594 0.075000 0.110937
1 0.700000 0.383594 0.075000 0.110937
1 0.781250 0.383594 0.075000 0.110937
0 0.289844 0.639062 0.076563 0.112500
0 0.372656 0.639062 0.076563 0.112500
1 0.455469 0.639062 0.076563 0.112500
0 0.538281 0.639062 0.076563 0.112500
1 0.621094 0.639062 0.076563 0.112500
0 0.703906 0.639062 0.076563 0.112500