1 0.113281 0.154297 0.101562 0.183594
1 0.222656 0.154297 0.101562 0.183594
0 0.332031 0.154297 0.101562 0.183594
1 0.441406 0.154297 0.101562 0.183594
0 0.550781 0.154297 0.101562 0.183594
0 0.660156 0.154297 0.101562 0.183594
1 0.769531 0.154297 0.101562 0.183594
1 0.878906 0.154297 0.101562 0.183594
0 0.178711 0.448242 0.119141 0.150391
1 0.305664 0.448242 0.119141 0.150391
1 0.432617 0.448242 0.119141 0.150391
0 0.559570 0.448242 0.119141 0.150391
1 0.686523 0.448242 0.119141 0.150391
1 0.813477 0.448242 0.119141 0.150391
1 0.159180 0.743164 0.126953 0.185547
0 0.293945 0.743164 0.126953 0.185547
1 0.428711 0.743164 0.126953 0.185547
1 0.563477 0.743164 0.126953 0.185547
1 0.698242 0.743164 0.126953 0.185547
1 0.833008 0.743164 0.126953 0.185547