0 0.379688 0.112500 0.071875 0.137500
0 0.457813 0.112500 0.071875 0.137500
1 0.535937 0.112500 0.071875 0.137500
1 0.614062 0.112500 0.071875 0.137500
1 0.110156 0.377344 0.064062 0.148438
0 0.180469 0.377344 0.064062 0.148438
0 0.250781 0.377344 0.064062 0.148438
1 0.321094 0.377344 0.064062 0.148438
0 0.391406 0.377344 0.064062 0.148438
1 0.461719 0.377344 0.064062 0.148438
1 0.532031 0.377344 0.064062 0.148438
1 0.602344 0.377344 0.064062 0.148438
1 0.672656 0.377344 0.064062 0.148438
1 0.742969 0.377344 0.064062 0.148438
0 0.813281 0.377344 0.064062 0.148438
1 0.883594 0.377344 0.064062 0.148438
0 0.189844 0.628906 0.070312 0.110937
1 0.266406 0.628906 0.070312 0.110937
1 0.342969 0.628906 0.070312 0.110937
1 0.419531 0.628906 0.070312 0.110937
1 0.496094 0.628906 0.070312 0.110937
1 0.572656 0.628906 0.070312 0.110937
1 0.649219 0.628906 0.070312 0.110937
1 0.725781 0.628906 0.070312 0.110937
0 0.802344 0.628906 0.070312 0.110937
1 0.209375 0.862500 0.065625 0.112500
1 0.281250 0.862500 0.065625 0.112500
0 0.353125 0.862500 0.065625 0.112500
0 0.425000 0.862500 0.065625 0.112500
1 0.496875 0.862500 0.065625 0.112500
1 0.568750 0.862500 0.065625 0.112500
1 0.640625 0.862500 0.065625 0.112500
0 0.712500 0.862500 0.065625 0.112500
1 0.784375 0.862500 0.065625 0.112500