0 0.105469 0.121094 0.070312 0.136719
0 0.183594 0.121094 0.070312 0.136719
1 0.261719 0.121094 0.070312 0.136719
1 0.339844 0.121094 0.070312 0.136719
0 0.417969 0.121094 0.070312 0.136719
1 0.496094 0.121094 0.070312 0.136719
1 0.574219 0.121094 0.070312 0.136719
1 0.652344 0.121094 0.070312 0.136719
1 0.730469 0.121094 0.070312 0.136719
0 0.808594 0.121094 0.070312 0.136719
1 0.886719 0.121094 0.070312 0.136719
1 0.140625 0.415039 0.093750 0.154297
0 0.242188 0.415039 0.093750 0.154297
0 0.343750 0.415039 0.093750 0.154297
0 0.445312 0.415039 0.093750 0.154297
1 0.546875 0.415039 0.093750 0.154297
1 0.648438 0.415039 0.093750 0.154297
1 0.750000 0.415039 0.093750 0.154297
1 0.851562 0.415039 0.093750 0.154297
1 0.156250 0.718750 0.105469 0.156250
1 0.269531 0.718750 0.105469 0.156250
1 0.382812 0.718750 0.105469 0.156250
0 0.496094 0.718750 0.105469 0.156250
1 0.609375 0.718750 0.105469 0.156250
1 0.722656 0.718750 0.105469 0.156250
1 0.835938 0.718750 0.105469 0.156250