0 0.178125 0.098437 0.153125 0.046875
1 0.337500 0.098437 0.153125 0.046875
1 0.496875 0.098437 0.153125 0.046875
0 0.656250 0.098437 0.153125 0.046875
1 0.815625 0.098437 0.153125 0.046875
1 0.180469 0.298438 0.151562 0.050000
0 0.338281 0.298438 0.151562 0.050000
0 0.496094 0.298438 0.151562 0.050000
1 0.653906 0.298438 0.151562 0.050000
1 0.811719 0.298438 0.151562 0.050000
0 0.145313 0.502344 0.134375 0.054688
0 0.285938 0.502344 0.134375 0.054688
1 0.426563 0.502344 0.134375 0.054688
1 0.567187 0.502344 0.134375 0.054688
1 0.707812 0.502344 0.134375 0.054688
0 0.848437 0.502344 0.134375 0.054688
1 0.140625 0.707812 0.112500 0.053125
1 0.259375 0.707812 0.112500 0.053125
1 0.378125 0.707812 0.112500 0.053125
1 0.496875 0.707812 0.112500 0.053125
1 0.615625 0.707812 0.112500 0.053125
0 0.734375 0.707812 0.112500 0.053125
1 0.853125 0.707812 0.112500 0.053125