1 0.167535 0.154514 0.102431 0.163194
1 0.276910 0.154514 0.102431 0.163194
0 0.386285 0.154514 0.102431 0.163194
0 0.495660 0.154514 0.102431 0.163194
1 0.605035 0.154514 0.102431 0.163194
0 0.714410 0.154514 0.102431 0.163194
0 0.823785 0.154514 0.102431 0.163194
1 0.136285 0.423611 0.112847 0.138889
0 0.256076 0.423611 0.112847 0.138889
1 0.375868 0.423611 0.112847 0.138889
0 0.495660 0.423611 0.112847 0.138889
1 0.615451 0.423611 0.112847 0.138889
0 0.735243 0.423611 0.112847 0.138889
0 0.855035 0.423611 0.112847 0.138889
1 0.253472 0.692708 0.090278 0.163194
0 0.350694 0.692708 0.090278 0.163194
1 0.447917 0.692708 0.090278 0.163194
1 0.545139 0.692708 0.090278 0.163194
0 0.642361 0.692708 0.090278 0.163194
1 0.739583 0.692708 0.090278 0.163194