1 0.172852 0.167969 0.099609 0.144531
1 0.280273 0.167969 0.099609 0.144531
1 0.387695 0.167969 0.099609 0.144531
1 0.495117 0.167969 0.099609 0.144531
1 0.602539 0.167969 0.099609 0.144531
0 0.709961 0.167969 0.099609 0.144531
1 0.817383 0.167969 0.099609 0.144531
0 0.242188 0.454102 0.093750 0.138672
0 0.343750 0.454102 0.093750 0.138672
1 0.445312 0.454102 0.093750 0.138672
0 0.546875 0.454102 0.093750 0.138672
1 0.648438 0.454102 0.093750 0.138672
1 0.750000 0.454102 0.093750 0.138672
1 0.161133 0.756836 0.103516 0.177734
0 0.272461 0.756836 0.103516 0.177734
1 0.383789 0.756836 0.103516 0.177734
0 0.495117 0.756836 0.103516 0.177734
1 0.606445 0.756836 0.103516 0.177734
0 0.717773 0.756836 0.103516 0.177734
1 0.829102 0.756836 0.103516 0.177734