0 0.266667 0.166667 0.083333 0.166667
0 0.358333 0.166667 0.083333 0.166667
1 0.450000 0.166667 0.083333 0.166667
0 0.541667 0.166667 0.083333 0.166667
1 0.633333 0.166667 0.083333 0.166667
1 0.725000 0.166667 0.083333 0.166667
1 0.153125 0.544792 0.077083 0.177083
0 0.238542 0.544792 0.077083 0.177083
1 0.323958 0.544792 0.077083 0.177083
1 0.409375 0.544792 0.077083 0.177083
0 0.494792 0.544792 0.077083 0.177083
1 0.580208 0.544792 0.077083 0.177083
1 0.665625 0.544792 0.077083 0.177083
0 0.751042 0.544792 0.077083 0.177083
0 0.836458 0.544792 0.077083 0.177083