1 0.173828 0.172852 0.121094 0.193359
1 0.302734 0.172852 0.121094 0.193359
0 0.431641 0.172852 0.121094 0.193359
1 0.560547 0.172852 0.121094 0.193359
0 0.689453 0.172852 0.121094 0.193359
0 0.818359 0.172852 0.121094 0.193359
1 0.172852 0.485352 0.099609 0.189453
0 0.280273 0.485352 0.099609 0.189453
1 0.387695 0.485352 0.099609 0.189453
1 0.495117 0.485352 0.099609 0.189453
0 0.602539 0.485352 0.099609 0.189453
1 0.709961 0.485352 0.099609 0.189453
1 0.817383 0.485352 0.099609 0.189453
1 0.161133 0.797852 0.103516 0.193359
0 0.272461 0.797852 0.103516 0.193359
1 0.383789 0.797852 0.103516 0.193359
0 0.495117 0.797852 0.103516 0.193359
1 0.606445 0.797852 0.103516 0.193359
1 0.717773 0.797852 0.103516 0.193359
1 0.829102 0.797852 0.103516 0.193359