1 0.167969 0.167969 0.085938 0.152344
1 0.261719 0.167969 0.085938 0.152344
0 0.355469 0.167969 0.085938 0.152344
1 0.449219 0.167969 0.085938 0.152344
1 0.542969 0.167969 0.085938 0.152344
1 0.636719 0.167969 0.085938 0.152344
0 0.730469 0.167969 0.085938 0.152344
1 0.824219 0.167969 0.085938 0.152344
1 0.219727 0.484375 0.083984 0.152344
0 0.311523 0.484375 0.083984 0.152344
1 0.403320 0.484375 0.083984 0.152344
1 0.495117 0.484375 0.083984 0.152344
0 0.586914 0.484375 0.083984 0.152344
1 0.678711 0.484375 0.083984 0.152344
1 0.770508 0.484375 0.083984 0.152344
1 0.349609 0.803711 0.089844 0.158203
1 0.447266 0.803711 0.089844 0.158203
0 0.544922 0.803711 0.089844 0.158203
1 0.642578 0.803711 0.089844 0.158203