1 0.153320 0.186523 0.068359 0.177734
0 0.229492 0.186523 0.068359 0.177734
1 0.305664 0.186523 0.068359 0.177734
0 0.381836 0.186523 0.068359 0.177734
1 0.458008 0.186523 0.068359 0.177734
0 0.534180 0.186523 0.068359 0.177734
0 0.610352 0.186523 0.068359 0.177734
1 0.686523 0.186523 0.068359 0.177734
0 0.762695 0.186523 0.068359 0.177734
0 0.838867 0.186523 0.068359 0.177734
1 0.208008 0.490234 0.087891 0.128906
0 0.303711 0.490234 0.087891 0.128906
1 0.399414 0.490234 0.087891 0.128906
1 0.495117 0.490234 0.087891 0.128906
0 0.590820 0.490234 0.087891 0.128906
1 0.686523 0.490234 0.087891 0.128906
1 0.782227 0.490234 0.087891 0.128906