1 0.126202 0.175481 0.112981 0.235577
1 0.248798 0.175481 0.112981 0.235577
0 0.371394 0.175481 0.112981 0.235577
1 0.493990 0.175481 0.112981 0.235577
1 0.616587 0.175481 0.112981 0.235577
1 0.739183 0.175481 0.112981 0.235577
1 0.861779 0.175481 0.112981 0.235577
0 0.116587 0.629808 0.098558 0.192308
1 0.224760 0.629808 0.098558 0.192308
1 0.332933 0.629808 0.098558 0.192308
0 0.441106 0.629808 0.098558 0.192308
0 0.549279 0.629808 0.098558 0.192308
1 0.657452 0.629808 0.098558 0.192308
1 0.765625 0.629808 0.098558 0.192308
1 0.873798 0.629808 0.098558 0.192308