1 0.284375 0.127344 0.100000 0.123438
0 0.390625 0.127344 0.100000 0.123438
0 0.496875 0.127344 0.100000 0.123438
1 0.603125 0.127344 0.100000 0.123438
1 0.709375 0.127344 0.100000 0.123438
0 0.360938 0.366406 0.084375 0.114062
1 0.451562 0.366406 0.084375 0.114062
0 0.542188 0.366406 0.084375 0.114062
1 0.632812 0.366406 0.084375 0.114062
0 0.121875 0.616406 0.068750 0.145313
1 0.196875 0.616406 0.068750 0.145313
1 0.271875 0.616406 0.068750 0.145313
1 0.346875 0.616406 0.068750 0.145313
1 0.421875 0.616406 0.068750 0.145313
1 0.496875 0.616406 0.068750 0.145313
0 0.571875 0.616406 0.068750 0.145313
1 0.646875 0.616406 0.068750 0.145313
0 0.721875 0.616406 0.068750 0.145313
0 0.796875 0.616406 0.068750 0.145313
1 0.871875 0.616406 0.068750 0.145313