1 0.133789 0.112305 0.095703 0.146484
1 0.237305 0.112305 0.095703 0.146484
1 0.340820 0.112305 0.095703 0.146484
0 0.444336 0.112305 0.095703 0.146484
0 0.547852 0.112305 0.095703 0.146484
1 0.651367 0.112305 0.095703 0.146484
1 0.754883 0.112305 0.095703 0.146484
1 0.858398 0.112305 0.095703 0.146484
1 0.154297 0.375977 0.089844 0.126953
1 0.251953 0.375977 0.089844 0.126953
0 0.349609 0.375977 0.089844 0.126953
0 0.447266 0.375977 0.089844 0.126953
0 0.544922 0.375977 0.089844 0.126953
1 0.642578 0.375977 0.089844 0.126953
0 0.740234 0.375977 0.089844 0.126953
0 0.837891 0.375977 0.089844 0.126953
1 0.217773 0.650391 0.103516 0.167969
0 0.329102 0.650391 0.103516 0.167969
1 0.440430 0.650391 0.103516 0.167969
1 0.551758 0.650391 0.103516 0.167969
1 0.663086 0.650391 0.103516 0.167969
0 0.774414 0.650391 0.103516 0.167969