1 0.201563 0.116406 0.059375 0.126562
1 0.267188 0.116406 0.059375 0.126562
1 0.332813 0.116406 0.059375 0.126562
0 0.398438 0.116406 0.059375 0.126562
0 0.464062 0.116406 0.059375 0.126562
1 0.529687 0.116406 0.059375 0.126562
0 0.595313 0.116406 0.059375 0.126562
1 0.660937 0.116406 0.059375 0.126562
1 0.726562 0.116406 0.059375 0.126562
1 0.792188 0.116406 0.059375 0.126562
1 0.117188 0.388281 0.078125 0.145313
0 0.201563 0.388281 0.078125 0.145313
0 0.285938 0.388281 0.078125 0.145313
1 0.370312 0.388281 0.078125 0.145313
1 0.454688 0.388281 0.078125 0.145313
1 0.539062 0.388281 0.078125 0.145313
1 0.623437 0.388281 0.078125 0.145313
1 0.707812 0.388281 0.078125 0.145313
1 0.792188 0.388281 0.078125 0.145313
1 0.876563 0.388281 0.078125 0.145313
0 0.222656 0.660937 0.054688 0.128125
0 0.283594 0.660937 0.054688 0.128125
1 0.344531 0.660937 0.054688 0.128125
1 0.405469 0.660937 0.054688 0.128125
1 0.466406 0.660937 0.054688 0.128125
1 0.527344 0.660937 0.054688 0.128125
0 0.588281 0.660937 0.054688 0.128125
1 0.649219 0.660937 0.054688 0.128125
1 0.710156 0.660937 0.054688 0.128125
1 0.771094 0.660937 0.054688 0.128125