1 0.275781 0.089063 0.067187 0.115625
1 0.349219 0.089063 0.067187 0.115625
1 0.422656 0.089063 0.067187 0.115625
0 0.496094 0.089063 0.067187 0.115625
0 0.569531 0.089063 0.067187 0.115625
1 0.642969 0.089063 0.067187 0.115625
1 0.716406 0.089063 0.067187 0.115625
0 0.340625 0.360938 0.071875 0.131250
1 0.418750 0.360938 0.071875 0.131250
0 0.496875 0.360938 0.071875 0.131250
0 0.575000 0.360938 0.071875 0.131250
1 0.653125 0.360938 0.071875 0.131250
0 0.270313 0.629687 0.084375 0.109375
1 0.360938 0.629687 0.084375 0.109375
1 0.451562 0.629687 0.084375 0.109375
0 0.542188 0.629687 0.084375 0.109375
1 0.632812 0.629687 0.084375 0.109375
0 0.723437 0.629687 0.084375 0.109375
0 0.334375 0.900781 0.075000 0.135937
0 0.415625 0.900781 0.075000 0.135937
0 0.496875 0.900781 0.075000 0.135937
1 0.578125 0.900781 0.075000 0.135937
1 0.659375 0.900781 0.075000 0.135937