1 0.133789 0.150391 0.095703 0.175781
1 0.237305 0.150391 0.095703 0.175781
1 0.340820 0.150391 0.095703 0.175781
1 0.444336 0.150391 0.095703 0.175781
1 0.547852 0.150391 0.095703 0.175781
1 0.651367 0.150391 0.095703 0.175781
1 0.754883 0.150391 0.095703 0.175781
0 0.858398 0.150391 0.095703 0.175781
0 0.172852 0.481445 0.099609 0.185547
1 0.280273 0.481445 0.099609 0.185547
0 0.387695 0.481445 0.099609 0.185547
1 0.495117 0.481445 0.099609 0.185547
1 0.602539 0.481445 0.099609 0.185547
0 0.709961 0.481445 0.099609 0.185547
1 0.817383 0.481445 0.099609 0.185547
1 0.349609 0.814453 0.089844 0.179688
1 0.447266 0.814453 0.089844 0.179688
1 0.544922 0.814453 0.089844 0.179688
0 0.642578 0.814453 0.089844 0.179688