1 0.106445 0.123047 0.103516 0.144531
1 0.217773 0.123047 0.103516 0.144531
1 0.329102 0.123047 0.103516 0.144531
1 0.440430 0.123047 0.103516 0.144531
0 0.551758 0.123047 0.103516 0.144531
1 0.663086 0.123047 0.103516 0.144531
1 0.774414 0.123047 0.103516 0.144531
1 0.885742 0.123047 0.103516 0.144531
1 0.188477 0.458008 0.080078 0.189453
1 0.276367 0.458008 0.080078 0.189453
1 0.364258 0.458008 0.080078 0.189453
0 0.452148 0.458008 0.080078 0.189453
1 0.540039 0.458008 0.080078 0.189453
1 0.627930 0.458008 0.080078 0.189453
1 0.715820 0.458008 0.080078 0.189453
0 0.803711 0.458008 0.080078 0.189453
1 0.120117 0.789062 0.099609 0.136719
1 0.227539 0.789062 0.099609 0.136719
1 0.334961 0.789062 0.099609 0.136719
1 0.442383 0.789062 0.099609 0.136719
1 0.549805 0.789062 0.099609 0.136719
1 0.657227 0.789062 0.099609 0.136719
0 0.764648 0.789062 0.099609 0.136719
1 0.872070 0.789062 0.099609 0.136719