1 0.371528 0.118924 0.076389 0.133681
1 0.454861 0.118924 0.076389 0.133681
1 0.538194 0.118924 0.076389 0.133681
1 0.621528 0.118924 0.076389 0.133681
0 0.149306 0.414931 0.062500 0.152778
1 0.218750 0.414931 0.062500 0.152778
1 0.288194 0.414931 0.062500 0.152778
1 0.357639 0.414931 0.062500 0.152778
1 0.427083 0.414931 0.062500 0.152778
1 0.496528 0.414931 0.062500 0.152778
1 0.565972 0.414931 0.062500 0.152778
0 0.635417 0.414931 0.062500 0.152778
1 0.704861 0.414931 0.062500 0.152778
1 0.774306 0.414931 0.062500 0.152778
1 0.843750 0.414931 0.062500 0.152778
1 0.149306 0.724826 0.062500 0.161458
1 0.218750 0.724826 0.062500 0.161458
1 0.288194 0.724826 0.062500 0.161458
1 0.357639 0.724826 0.062500 0.161458
1 0.427083 0.724826 0.062500 0.161458
1 0.496528 0.724826 0.062500 0.161458
0 0.565972 0.724826 0.062500 0.161458
0 0.635417 0.724826 0.062500 0.161458
1 0.704861 0.724826 0.062500 0.161458
1 0.774306 0.724826 0.062500 0.161458
1 0.843750 0.724826 0.062500 0.161458