1 0.097222 0.097222 0.072917 0.121528
1 0.177083 0.097222 0.072917 0.121528
1 0.256944 0.097222 0.072917 0.121528
0 0.336806 0.097222 0.072917 0.121528
1 0.416667 0.097222 0.072917 0.121528
1 0.496528 0.097222 0.072917 0.121528
0 0.576389 0.097222 0.072917 0.121528
1 0.656250 0.097222 0.072917 0.121528
1 0.736111 0.097222 0.072917 0.121528
1 0.815972 0.097222 0.072917 0.121528
0 0.895833 0.097222 0.072917 0.121528
1 0.260417 0.369792 0.111111 0.152778
0 0.378472 0.369792 0.111111 0.152778
1 0.496528 0.369792 0.111111 0.152778
0 0.614583 0.369792 0.111111 0.152778
1 0.732639 0.369792 0.111111 0.152778
0 0.152778 0.652778 0.107639 0.142361
0 0.267361 0.652778 0.107639 0.142361
0 0.381944 0.652778 0.107639 0.142361
0 0.496528 0.652778 0.107639 0.142361
1 0.611111 0.652778 0.107639 0.142361
0 0.725694 0.652778 0.107639 0.142361
1 0.840278 0.652778 0.107639 0.142361