0 0.131250 0.060937 0.115625 0.056250
1 0.253125 0.060937 0.115625 0.056250
1 0.375000 0.060937 0.115625 0.056250
1 0.496875 0.060937 0.115625 0.056250
1 0.618750 0.060937 0.115625 0.056250
1 0.740625 0.060937 0.115625 0.056250
0 0.862500 0.060937 0.115625 0.056250
1 0.171875 0.229687 0.156250 0.062500
1 0.334375 0.229687 0.156250 0.062500
1 0.496875 0.229687 0.156250 0.062500
1 0.659375 0.229687 0.156250 0.062500
0 0.821875 0.229687 0.156250 0.062500
0 0.144531 0.400000 0.110937 0.059375
0 0.261719 0.400000 0.110937 0.059375
1 0.378906 0.400000 0.110937 0.059375
1 0.496094 0.400000 0.110937 0.059375
0 0.613281 0.400000 0.110937 0.059375
1 0.730469 0.400000 0.110937 0.059375
0 0.847656 0.400000 0.110937 0.059375
0 0.133594 0.572656 0.139063 0.067187
1 0.278906 0.572656 0.139063 0.067187
0 0.424219 0.572656 0.139063 0.067187
1 0.569531 0.572656 0.139063 0.067187
1 0.714844 0.572656 0.139063 0.067187
0 0.860156 0.572656 0.139063 0.067187
0 0.171875 0.741406 0.156250 0.051562
1 0.334375 0.741406 0.156250 0.051562
1 0.496875 0.741406 0.156250 0.051562
1 0.659375 0.741406 0.156250 0.051562
1 0.821875 0.741406 0.156250 0.051562