1 0.152644 0.179087 0.127404 0.213942
1 0.289663 0.179087 0.127404 0.213942
1 0.426683 0.179087 0.127404 0.213942
1 0.563702 0.179087 0.127404 0.213942
1 0.700721 0.179087 0.127404 0.213942
0 0.837740 0.179087 0.127404 0.213942
1 0.150240 0.600962 0.088942 0.158654
1 0.248798 0.600962 0.088942 0.158654
1 0.347356 0.600962 0.088942 0.158654
0 0.445913 0.600962 0.088942 0.158654
0 0.544471 0.600962 0.088942 0.158654
1 0.643029 0.600962 0.088942 0.158654
0 0.741587 0.600962 0.088942 0.158654
1 0.840144 0.600962 0.088942 0.158654