0 0.136285 0.136285 0.112847 0.137153
0 0.256076 0.136285 0.112847 0.137153
1 0.375868 0.136285 0.112847 0.137153
0 0.495660 0.136285 0.112847 0.137153
1 0.615451 0.136285 0.112847 0.137153
1 0.735243 0.136285 0.112847 0.137153
0 0.855035 0.136285 0.112847 0.137153
1 0.125868 0.434028 0.098958 0.138889
1 0.231771 0.434028 0.098958 0.138889
1 0.337674 0.434028 0.098958 0.138889
1 0.443576 0.434028 0.098958 0.138889
0 0.549479 0.434028 0.098958 0.138889
1 0.655382 0.434028 0.098958 0.138889
1 0.761285 0.434028 0.098958 0.138889
1 0.867188 0.434028 0.098958 0.138889