1 0.191406 0.076172 0.144531 0.062500
1 0.343750 0.076172 0.144531 0.062500
0 0.496094 0.076172 0.144531 0.062500
1 0.648438 0.076172 0.144531 0.062500
1 0.800781 0.076172 0.144531 0.062500
1 0.134766 0.287109 0.136719 0.074219
1 0.279297 0.287109 0.136719 0.074219
0 0.423828 0.287109 0.136719 0.074219
0 0.568359 0.287109 0.136719 0.074219
0 0.712891 0.287109 0.136719 0.074219
0 0.857422 0.287109 0.136719 0.074219
1 0.134766 0.510742 0.136719 0.087891
1 0.279297 0.510742 0.136719 0.087891
1 0.423828 0.510742 0.136719 0.087891
1 0.568359 0.510742 0.136719 0.087891
0 0.712891 0.510742 0.136719 0.087891
1 0.857422 0.510742 0.136719 0.087891
1 0.191406 0.732422 0.195312 0.070312
1 0.394531 0.732422 0.195312 0.070312
1 0.597656 0.732422 0.195312 0.070312
0 0.800781 0.732422 0.195312 0.070312