0 0.163281 0.114844 0.089063 0.145313
0 0.258594 0.114844 0.089063 0.145313
1 0.353906 0.114844 0.089063 0.145313
1 0.449219 0.114844 0.089063 0.145313
1 0.544531 0.114844 0.089063 0.145313
1 0.639844 0.114844 0.089063 0.145313
1 0.735156 0.114844 0.089063 0.145313
1 0.830469 0.114844 0.089063 0.145313
1 0.106250 0.367969 0.071875 0.123438
0 0.184375 0.367969 0.071875 0.123438
1 0.262500 0.367969 0.071875 0.123438
1 0.340625 0.367969 0.071875 0.123438
0 0.418750 0.367969 0.071875 0.123438
0 0.496875 0.367969 0.071875 0.123438
1 0.575000 0.367969 0.071875 0.123438
1 0.653125 0.367969 0.071875 0.123438
1 0.731250 0.367969 0.071875 0.123438
0 0.809375 0.367969 0.071875 0.123438
1 0.887500 0.367969 0.071875 0.123438
1 0.336719 0.615625 0.073438 0.134375
1 0.416406 0.615625 0.073438 0.134375
1 0.496094 0.615625 0.073438 0.134375
1 0.575781 0.615625 0.073438 0.134375
1 0.655469 0.615625 0.073438 0.134375