1 0.163542 0.159375 0.102083 0.168750
1 0.273958 0.159375 0.102083 0.168750
0 0.384375 0.159375 0.102083 0.168750
0 0.494792 0.159375 0.102083 0.168750
0 0.605208 0.159375 0.102083 0.168750
1 0.715625 0.159375 0.102083 0.168750
1 0.826042 0.159375 0.102083 0.168750
1 0.157292 0.477083 0.127083 0.170833
1 0.292708 0.477083 0.127083 0.170833
0 0.428125 0.477083 0.127083 0.170833
1 0.563542 0.477083 0.127083 0.170833
1 0.698958 0.477083 0.127083 0.170833
0 0.834375 0.477083 0.127083 0.170833
0 0.129167 0.793750 0.083333 0.166667
1 0.220833 0.793750 0.083333 0.166667
1 0.312500 0.793750 0.083333 0.166667
0 0.404167 0.793750 0.083333 0.166667
1 0.495833 0.793750 0.083333 0.166667
0 0.587500 0.793750 0.083333 0.166667
1 0.679167 0.793750 0.083333 0.166667
1 0.770833 0.793750 0.083333 0.166667
1 0.862500 0.793750 0.083333 0.166667