1 0.190430 0.156250 0.068359 0.140625
1 0.266602 0.156250 0.068359 0.140625
0 0.342773 0.156250 0.068359 0.140625
1 0.418945 0.156250 0.068359 0.140625
1 0.495117 0.156250 0.068359 0.140625
1 0.571289 0.156250 0.068359 0.140625
1 0.647461 0.156250 0.068359 0.140625
1 0.723633 0.156250 0.068359 0.140625
1 0.799805 0.156250 0.068359 0.140625
1 0.222656 0.417969 0.070312 0.128906
1 0.300781 0.417969 0.070312 0.128906
1 0.378906 0.417969 0.070312 0.128906
0 0.457031 0.417969 0.070312 0.128906
1 0.535156 0.417969 0.070312 0.128906
1 0.613281 0.417969 0.070312 0.128906
1 0.691406 0.417969 0.070312 0.128906
0 0.769531 0.417969 0.070312 0.128906
1 0.127930 0.683594 0.083984 0.148438
0 0.219727 0.683594 0.083984 0.148438
0 0.311523 0.683594 0.083984 0.148438
1 0.403320 0.683594 0.083984 0.148438
1 0.495117 0.683594 0.083984 0.148438
1 0.586914 0.683594 0.083984 0.148438
1 0.678711 0.683594 0.083984 0.148438
1 0.770508 0.683594 0.083984 0.148438
1 0.862305 0.683594 0.083984 0.148438