1 0.203906 0.057031 0.110937 0.051562
1 0.321094 0.057031 0.110937 0.051562
1 0.438281 0.057031 0.110937 0.051562
0 0.555469 0.057031 0.110937 0.051562
1 0.672656 0.057031 0.110937 0.051562
1 0.789844 0.057031 0.110937 0.051562
1 0.178125 0.264062 0.153125 0.056250
1 0.337500 0.264062 0.153125 0.056250
1 0.496875 0.264062 0.153125 0.056250
1 0.656250 0.264062 0.153125 0.056250
0 0.815625 0.264062 0.153125 0.056250
0 0.178125 0.478125 0.153125 0.065625
0 0.337500 0.478125 0.153125 0.065625
1 0.496875 0.478125 0.153125 0.065625
1 0.656250 0.478125 0.153125 0.065625
0 0.815625 0.478125 0.153125 0.065625
0 0.215625 0.698438 0.134375 0.068750
1 0.356250 0.698438 0.134375 0.068750
0 0.496875 0.698438 0.134375 0.068750
1 0.637500 0.698438 0.134375 0.068750
0 0.778125 0.698438 0.134375 0.068750