1 0.151910 0.095486 0.164931 0.069444
1 0.323785 0.095486 0.164931 0.069444
1 0.495660 0.095486 0.164931 0.069444
1 0.667535 0.095486 0.164931 0.069444
1 0.839410 0.095486 0.164931 0.069444
1 0.157986 0.274306 0.128472 0.062500
1 0.293403 0.274306 0.128472 0.062500
1 0.428819 0.274306 0.128472 0.062500
0 0.564236 0.274306 0.128472 0.062500
1 0.699653 0.274306 0.128472 0.062500
0 0.835069 0.274306 0.128472 0.062500
1 0.149306 0.451389 0.131944 0.065972
1 0.288194 0.451389 0.131944 0.065972
1 0.427083 0.451389 0.131944 0.065972
1 0.565972 0.451389 0.131944 0.065972
1 0.704861 0.451389 0.131944 0.065972
1 0.843750 0.451389 0.131944 0.065972