1 0.173958 0.102083 0.152083 0.075000
1 0.334375 0.102083 0.152083 0.075000
0 0.494792 0.102083 0.152083 0.075000
0 0.655208 0.102083 0.152083 0.075000
1 0.815625 0.102083 0.152083 0.075000
1 0.162500 0.351042 0.158333 0.064583
0 0.329167 0.351042 0.158333 0.064583
1 0.495833 0.351042 0.158333 0.064583
0 0.662500 0.351042 0.158333 0.064583
1 0.829167 0.351042 0.158333 0.064583
1 0.148958 0.598958 0.164583 0.072917
1 0.321875 0.598958 0.164583 0.072917
0 0.494792 0.598958 0.164583 0.072917
0 0.667708 0.598958 0.164583 0.072917
1 0.840625 0.598958 0.164583 0.072917