1 0.149414 0.116211 0.107422 0.150391
0 0.264648 0.116211 0.107422 0.150391
0 0.379883 0.116211 0.107422 0.150391
1 0.495117 0.116211 0.107422 0.150391
1 0.610352 0.116211 0.107422 0.150391
0 0.725586 0.116211 0.107422 0.150391
1 0.840820 0.116211 0.107422 0.150391
1 0.126953 0.413086 0.097656 0.142578
0 0.232422 0.413086 0.097656 0.142578
1 0.337891 0.413086 0.097656 0.142578
0 0.443359 0.413086 0.097656 0.142578
1 0.548828 0.413086 0.097656 0.142578
0 0.654297 0.413086 0.097656 0.142578
0 0.759766 0.413086 0.097656 0.142578
1 0.865234 0.413086 0.097656 0.142578