1 0.135417 0.139757 0.083333 0.126736
1 0.225694 0.139757 0.083333 0.126736
1 0.315972 0.139757 0.083333 0.126736
1 0.406250 0.139757 0.083333 0.126736
1 0.496528 0.139757 0.083333 0.126736
1 0.586806 0.139757 0.083333 0.126736
0 0.677083 0.139757 0.083333 0.126736
1 0.767361 0.139757 0.083333 0.126736
1 0.857639 0.139757 0.083333 0.126736
0 0.125868 0.440104 0.098958 0.140625
1 0.231771 0.440104 0.098958 0.140625
1 0.337674 0.440104 0.098958 0.140625
1 0.443576 0.440104 0.098958 0.140625
1 0.549479 0.440104 0.098958 0.140625
1 0.655382 0.440104 0.098958 0.140625
1 0.761285 0.440104 0.098958 0.140625
1 0.867188 0.440104 0.098958 0.140625
1 0.142361 0.748264 0.111111 0.142361
1 0.260417 0.748264 0.111111 0.142361
0 0.378472 0.748264 0.111111 0.142361
1 0.496528 0.748264 0.111111 0.142361
1 0.614583 0.748264 0.111111 0.142361
1 0.732639 0.748264 0.111111 0.142361
1 0.850694 0.748264 0.111111 0.142361