0 0.211806 0.110243 0.135417 0.071181
0 0.354167 0.110243 0.135417 0.071181
1 0.496528 0.110243 0.135417 0.071181
1 0.638889 0.110243 0.135417 0.071181
0 0.781250 0.110243 0.135417 0.071181
1 0.179688 0.295139 0.151042 0.059028
0 0.337674 0.295139 0.151042 0.059028
1 0.495660 0.295139 0.151042 0.059028
1 0.653646 0.295139 0.151042 0.059028
1 0.811632 0.295139 0.151042 0.059028
1 0.204861 0.475694 0.138889 0.062500
0 0.350694 0.475694 0.138889 0.062500
1 0.496528 0.475694 0.138889 0.062500
0 0.642361 0.475694 0.138889 0.062500
0 0.788194 0.475694 0.138889 0.062500