0 0.125000 0.164663 0.096154 0.189904
0 0.230769 0.164663 0.096154 0.189904
1 0.336538 0.164663 0.096154 0.189904
0 0.442308 0.164663 0.096154 0.189904
0 0.548077 0.164663 0.096154 0.189904
1 0.653846 0.164663 0.096154 0.189904
1 0.759615 0.164663 0.096154 0.189904
1 0.865385 0.164663 0.096154 0.189904
1 0.170673 0.569712 0.120192 0.192308
1 0.300481 0.569712 0.120192 0.192308
1 0.430288 0.569712 0.120192 0.192308
1 0.560096 0.569712 0.120192 0.192308
1 0.689904 0.569712 0.120192 0.192308
1 0.819712 0.569712 0.120192 0.192308