1 0.133594 0.072656 0.139063 0.067187
1 0.278906 0.072656 0.139063 0.067187
0 0.424219 0.072656 0.139063 0.067187
0 0.569531 0.072656 0.139063 0.067187
1 0.714844 0.072656 0.139063 0.067187
1 0.860156 0.072656 0.139063 0.067187
1 0.107031 0.243750 0.123438 0.059375
1 0.236719 0.243750 0.123438 0.059375
1 0.366406 0.243750 0.123438 0.059375
1 0.496094 0.243750 0.123438 0.059375
1 0.625781 0.243750 0.123438 0.059375
1 0.755469 0.243750 0.123438 0.059375
1 0.885156 0.243750 0.123438 0.059375
1 0.253125 0.414062 0.156250 0.065625
1 0.415625 0.414062 0.156250 0.065625
1 0.578125 0.414062 0.156250 0.065625
1 0.740625 0.414062 0.156250 0.065625
1 0.129688 0.589844 0.140625 0.070312
1 0.276562 0.589844 0.140625 0.070312
1 0.423438 0.589844 0.140625 0.070312
0 0.570312 0.589844 0.140625 0.070312
1 0.717187 0.589844 0.140625 0.070312
1 0.864062 0.589844 0.140625 0.070312