0 0.218750 0.092014 0.131944 0.055556
1 0.357639 0.092014 0.131944 0.055556
1 0.496528 0.092014 0.131944 0.055556
0 0.635417 0.092014 0.131944 0.055556
1 0.774306 0.092014 0.131944 0.055556
1 0.177083 0.260417 0.152778 0.069444
1 0.336806 0.260417 0.152778 0.069444
0 0.496528 0.260417 0.152778 0.069444
1 0.656250 0.260417 0.152778 0.069444
1 0.815972 0.260417 0.152778 0.069444
1 0.177083 0.435764 0.152778 0.069444
1 0.336806 0.435764 0.152778 0.069444
1 0.496528 0.435764 0.152778 0.069444
1 0.656250 0.435764 0.152778 0.069444
0 0.815972 0.435764 0.152778 0.069444
1 0.166667 0.604167 0.125000 0.055556
1 0.298611 0.604167 0.125000 0.055556
0 0.430556 0.604167 0.125000 0.055556
1 0.562500 0.604167 0.125000 0.055556
1 0.694444 0.604167 0.125000 0.055556
1 0.826389 0.604167 0.125000 0.055556