1 0.234375 0.117188 0.081250 0.128125
1 0.321875 0.117188 0.081250 0.128125
0 0.409375 0.117188 0.081250 0.128125
1 0.496875 0.117188 0.081250 0.128125
0 0.584375 0.117188 0.081250 0.128125
1 0.671875 0.117188 0.081250 0.128125
1 0.759375 0.117188 0.081250 0.128125
1 0.328125 0.367188 0.078125 0.112500
1 0.412500 0.367188 0.078125 0.112500
1 0.496875 0.367188 0.078125 0.112500
0 0.581250 0.367188 0.078125 0.112500
1 0.665625 0.367188 0.078125 0.112500
0 0.146875 0.621094 0.093750 0.135937
1 0.246875 0.621094 0.093750 0.135937
0 0.346875 0.621094 0.093750 0.135937
1 0.446875 0.621094 0.093750 0.135937
1 0.546875 0.621094 0.093750 0.135937
0 0.646875 0.621094 0.093750 0.135937
1 0.746875 0.621094 0.093750 0.135937
1 0.846875 0.621094 0.093750 0.135937