1 0.150174 0.136285 0.092014 0.140625
0 0.249132 0.136285 0.092014 0.140625
0 0.348090 0.136285 0.092014 0.140625
1 0.447049 0.136285 0.092014 0.140625
1 0.546007 0.136285 0.092014 0.140625
1 0.644965 0.136285 0.092014 0.140625
1 0.743924 0.136285 0.092014 0.140625
1 0.842882 0.136285 0.092014 0.140625
1 0.168403 0.426215 0.086806 0.151042
0 0.262153 0.426215 0.086806 0.151042
1 0.355903 0.426215 0.086806 0.151042
1 0.449653 0.426215 0.086806 0.151042
1 0.543403 0.426215 0.086806 0.151042
1 0.637153 0.426215 0.086806 0.151042
1 0.730903 0.426215 0.086806 0.151042
0 0.824653 0.426215 0.086806 0.151042
0 0.358507 0.729167 0.085069 0.166667
1 0.450521 0.729167 0.085069 0.166667
1 0.542535 0.729167 0.085069 0.166667
0 0.634549 0.729167 0.085069 0.166667