1 0.153125 0.118750 0.062500 0.121875
1 0.221875 0.118750 0.062500 0.121875
0 0.290625 0.118750 0.062500 0.121875
1 0.359375 0.118750 0.062500 0.121875
1 0.428125 0.118750 0.062500 0.121875
0 0.496875 0.118750 0.062500 0.121875
1 0.565625 0.118750 0.062500 0.121875
0 0.634375 0.118750 0.062500 0.121875
0 0.703125 0.118750 0.062500 0.121875
1 0.771875 0.118750 0.062500 0.121875
0 0.840625 0.118750 0.062500 0.121875
1 0.221875 0.332813 0.062500 0.115625
0 0.290625 0.332813 0.062500 0.115625
1 0.359375 0.332813 0.062500 0.115625
1 0.428125 0.332813 0.062500 0.115625
0 0.496875 0.332813 0.062500 0.115625
1 0.565625 0.332813 0.062500 0.115625
0 0.634375 0.332813 0.062500 0.115625
0 0.703125 0.332813 0.062500 0.115625
1 0.771875 0.332813 0.062500 0.115625
0 0.301563 0.537500 0.071875 0.103125
0 0.379688 0.537500 0.071875 0.103125
1 0.457813 0.537500 0.071875 0.103125
1 0.535937 0.537500 0.071875 0.103125
0 0.614062 0.537500 0.071875 0.103125
1 0.692187 0.537500 0.071875 0.103125
1 0.139844 0.744531 0.082812 0.120313
0 0.228906 0.744531 0.082812 0.120313
0 0.317969 0.744531 0.082812 0.120313
1 0.407031 0.744531 0.082812 0.120313
1 0.496094 0.744531 0.082812 0.120313
0 0.585156 0.744531 0.082812 0.120313
1 0.674219 0.744531 0.082812 0.120313
1 0.763281 0.744531 0.082812 0.120313
1 0.852344 0.744531 0.082812 0.120313