1 0.243750 0.096094 0.078125 0.123438
1 0.328125 0.096094 0.078125 0.123438
1 0.412500 0.096094 0.078125 0.123438
1 0.496875 0.096094 0.078125 0.123438
0 0.581250 0.096094 0.078125 0.123438
1 0.665625 0.096094 0.078125 0.123438
1 0.750000 0.096094 0.078125 0.123438
1 0.092969 0.331250 0.067187 0.137500
1 0.166406 0.331250 0.067187 0.137500
1 0.239844 0.331250 0.067187 0.137500
1 0.313281 0.331250 0.067187 0.137500
1 0.386719 0.331250 0.067187 0.137500
1 0.460156 0.331250 0.067187 0.137500
1 0.533594 0.331250 0.067187 0.137500
0 0.607031 0.331250 0.067187 0.137500
1 0.680469 0.331250 0.067187 0.137500
1 0.753906 0.331250 0.067187 0.137500
1 0.827344 0.331250 0.067187 0.137500
1 0.900781 0.331250 0.067187 0.137500