1 0.200195 0.136719 0.189453 0.078125
0 0.397461 0.136719 0.189453 0.078125
1 0.594727 0.136719 0.189453 0.078125
0 0.791992 0.136719 0.189453 0.078125
0 0.200195 0.328125 0.189453 0.066406
0 0.397461 0.328125 0.189453 0.066406
0 0.594727 0.328125 0.189453 0.066406
0 0.791992 0.328125 0.189453 0.066406
0 0.220703 0.514648 0.175781 0.068359
1 0.404297 0.514648 0.175781 0.068359
0 0.587891 0.514648 0.175781 0.068359
0 0.771484 0.514648 0.175781 0.068359
1 0.217773 0.702148 0.177734 0.068359
1 0.403320 0.702148 0.177734 0.068359
1 0.588867 0.702148 0.177734 0.068359
0 0.774414 0.702148 0.177734 0.068359