1 0.285938 0.110156 0.078125 0.135937
0 0.370312 0.110156 0.078125 0.135937
1 0.454688 0.110156 0.078125 0.135937
1 0.539062 0.110156 0.078125 0.135937
1 0.623437 0.110156 0.078125 0.135937
0 0.707812 0.110156 0.078125 0.135937
1 0.389062 0.367969 0.065625 0.139063
1 0.460938 0.367969 0.065625 0.139063
0 0.532813 0.367969 0.065625 0.139063
0 0.604688 0.367969 0.065625 0.139063
1 0.121875 0.629687 0.087500 0.143750
0 0.215625 0.629687 0.087500 0.143750
0 0.309375 0.629687 0.087500 0.143750
0 0.403125 0.629687 0.087500 0.143750
1 0.496875 0.629687 0.087500 0.143750
0 0.590625 0.629687 0.087500 0.143750
0 0.684375 0.629687 0.087500 0.143750
0 0.778125 0.629687 0.087500 0.143750
1 0.871875 0.629687 0.087500 0.143750