1 0.358507 0.138889 0.085069 0.156250
0 0.450521 0.138889 0.085069 0.156250
0 0.542535 0.138889 0.085069 0.156250
1 0.634549 0.138889 0.085069 0.156250
1 0.152778 0.394965 0.107639 0.137153
1 0.267361 0.394965 0.107639 0.137153
0 0.381944 0.394965 0.107639 0.137153
0 0.496528 0.394965 0.107639 0.137153
1 0.611111 0.394965 0.107639 0.137153
0 0.725694 0.394965 0.107639 0.137153
0 0.840278 0.394965 0.107639 0.137153
0 0.146701 0.650174 0.109375 0.154514
1 0.263021 0.650174 0.109375 0.154514
1 0.379340 0.650174 0.109375 0.154514
1 0.495660 0.650174 0.109375 0.154514
1 0.611979 0.650174 0.109375 0.154514
1 0.728299 0.650174 0.109375 0.154514
1 0.844618 0.650174 0.109375 0.154514