1 0.207292 0.167708 0.135417 0.181250
0 0.351042 0.167708 0.135417 0.181250
0 0.494792 0.167708 0.135417 0.181250
0 0.638542 0.167708 0.135417 0.181250
1 0.782292 0.167708 0.135417 0.181250
0 0.153125 0.494792 0.089583 0.202083
0 0.251042 0.494792 0.089583 0.202083
1 0.348958 0.494792 0.089583 0.202083
1 0.446875 0.494792 0.089583 0.202083
1 0.544792 0.494792 0.089583 0.202083
1 0.642708 0.494792 0.089583 0.202083
1 0.740625 0.494792 0.089583 0.202083
1 0.838542 0.494792 0.089583 0.202083
1 0.167708 0.806250 0.122917 0.150000
0 0.298958 0.806250 0.122917 0.150000
1 0.430208 0.806250 0.122917 0.150000
1 0.561458 0.806250 0.122917 0.150000
1 0.692708 0.806250 0.122917 0.150000
1 0.823958 0.806250 0.122917 0.150000