0 0.342969 0.128906 0.070312 0.139063
1 0.419531 0.128906 0.070312 0.139063
0 0.496094 0.128906 0.070312 0.139063
0 0.572656 0.128906 0.070312 0.139063
0 0.649219 0.128906 0.070312 0.139063
0 0.189844 0.379688 0.070312 0.106250
1 0.266406 0.379688 0.070312 0.106250
0 0.342969 0.379688 0.070312 0.106250
0 0.419531 0.379688 0.070312 0.106250
0 0.496094 0.379688 0.070312 0.106250
0 0.572656 0.379688 0.070312 0.106250
1 0.649219 0.379688 0.070312 0.106250
1 0.725781 0.379688 0.070312 0.106250
1 0.802344 0.379688 0.070312 0.106250
1 0.175781 0.634375 0.057813 0.146875
1 0.239844 0.634375 0.057813 0.146875
1 0.303906 0.634375 0.057813 0.146875
1 0.367969 0.634375 0.057813 0.146875
1 0.432031 0.634375 0.057813 0.146875
1 0.496094 0.634375 0.057813 0.146875
1 0.560156 0.634375 0.057813 0.146875
1 0.624219 0.634375 0.057813 0.146875
1 0.688281 0.634375 0.057813 0.146875
0 0.752344 0.634375 0.057813 0.146875
1 0.816406 0.634375 0.057813 0.146875