1 0.147461 0.155273 0.091797 0.158203
0 0.247070 0.155273 0.091797 0.158203
1 0.346680 0.155273 0.091797 0.158203
0 0.446289 0.155273 0.091797 0.158203
0 0.545898 0.155273 0.091797 0.158203
1 0.645508 0.155273 0.091797 0.158203
1 0.745117 0.155273 0.091797 0.158203
1 0.844727 0.155273 0.091797 0.158203
1 0.181641 0.524414 0.082031 0.189453
1 0.271484 0.524414 0.082031 0.189453
1 0.361328 0.524414 0.082031 0.189453
0 0.451172 0.524414 0.082031 0.189453
1 0.541016 0.524414 0.082031 0.189453
0 0.630859 0.524414 0.082031 0.189453
1 0.720703 0.524414 0.082031 0.189453
1 0.810547 0.524414 0.082031 0.189453