0 0.319444 0.162326 0.111111 0.164931
0 0.437500 0.162326 0.111111 0.164931
1 0.555556 0.162326 0.111111 0.164931
0 0.673611 0.162326 0.111111 0.164931
1 0.177083 0.478299 0.072917 0.157986
1 0.256944 0.478299 0.072917 0.157986
1 0.336806 0.478299 0.072917 0.157986
1 0.416667 0.478299 0.072917 0.157986
0 0.496528 0.478299 0.072917 0.157986
1 0.576389 0.478299 0.072917 0.157986
1 0.656250 0.478299 0.072917 0.157986
1 0.736111 0.478299 0.072917 0.157986
1 0.815972 0.478299 0.072917 0.157986
0 0.156250 0.783854 0.090278 0.144097
0 0.253472 0.783854 0.090278 0.144097
0 0.350694 0.783854 0.090278 0.144097
1 0.447917 0.783854 0.090278 0.144097
1 0.545139 0.783854 0.090278 0.144097
0 0.642361 0.783854 0.090278 0.144097
0 0.739583 0.783854 0.090278 0.144097
0 0.836806 0.783854 0.090278 0.144097