1 0.257812 0.095312 0.153125 0.050000
0 0.417187 0.095312 0.153125 0.050000
1 0.576562 0.095312 0.153125 0.050000
1 0.735938 0.095312 0.153125 0.050000
1 0.276562 0.252344 0.140625 0.054688
0 0.423438 0.252344 0.140625 0.054688
0 0.570312 0.252344 0.140625 0.054688
1 0.717187 0.252344 0.140625 0.054688
1 0.153125 0.414062 0.131250 0.059375
1 0.290625 0.414062 0.131250 0.059375
1 0.428125 0.414062 0.131250 0.059375
1 0.565625 0.414062 0.131250 0.059375
1 0.703125 0.414062 0.131250 0.059375
1 0.840625 0.414062 0.131250 0.059375
1 0.205469 0.578906 0.139063 0.060937
1 0.350781 0.578906 0.139063 0.060937
1 0.496094 0.578906 0.139063 0.060937
1 0.641406 0.578906 0.139063 0.060937
0 0.786719 0.578906 0.139063 0.060937