0 0.113715 0.113715 0.102431 0.137153
1 0.223090 0.113715 0.102431 0.137153
0 0.332465 0.113715 0.102431 0.137153
0 0.441840 0.113715 0.102431 0.137153
1 0.551215 0.113715 0.102431 0.137153
1 0.660590 0.113715 0.102431 0.137153
1 0.769965 0.113715 0.102431 0.137153
0 0.879340 0.113715 0.102431 0.137153
1 0.138021 0.356771 0.095486 0.133681
1 0.240451 0.356771 0.095486 0.133681
1 0.342882 0.356771 0.095486 0.133681
1 0.445312 0.356771 0.095486 0.133681
0 0.547743 0.356771 0.095486 0.133681
1 0.650174 0.356771 0.095486 0.133681
1 0.752604 0.356771 0.095486 0.133681
1 0.855035 0.356771 0.095486 0.133681
0 0.138021 0.615451 0.095486 0.168403
1 0.240451 0.615451 0.095486 0.168403
0 0.342882 0.615451 0.095486 0.168403
1 0.445312 0.615451 0.095486 0.168403
0 0.547743 0.615451 0.095486 0.168403
1 0.650174 0.615451 0.095486 0.168403
1 0.752604 0.615451 0.095486 0.168403
1 0.855035 0.615451 0.095486 0.168403