1 0.146701 0.123264 0.109375 0.166667
0 0.263021 0.123264 0.109375 0.166667
1 0.379340 0.123264 0.109375 0.166667
1 0.495660 0.123264 0.109375 0.166667
0 0.611979 0.123264 0.109375 0.166667
1 0.728299 0.123264 0.109375 0.166667
1 0.844618 0.123264 0.109375 0.166667
0 0.332465 0.405382 0.102431 0.168403
1 0.441840 0.405382 0.102431 0.168403
1 0.551215 0.405382 0.102431 0.168403
0 0.660590 0.405382 0.102431 0.168403
1 0.371528 0.674479 0.076389 0.140625
1 0.454861 0.674479 0.076389 0.140625
1 0.538194 0.674479 0.076389 0.140625
1 0.621528 0.674479 0.076389 0.140625