1 0.137500 0.060937 0.137500 0.056250
0 0.281250 0.060937 0.137500 0.056250
1 0.425000 0.060937 0.137500 0.056250
1 0.568750 0.060937 0.137500 0.056250
1 0.712500 0.060937 0.137500 0.056250
1 0.856250 0.060937 0.137500 0.056250
0 0.242969 0.263281 0.120313 0.057813
1 0.369531 0.263281 0.120313 0.057813
0 0.496094 0.263281 0.120313 0.057813
0 0.622656 0.263281 0.120313 0.057813
1 0.749219 0.263281 0.120313 0.057813
1 0.178125 0.469531 0.153125 0.064062
1 0.337500 0.469531 0.153125 0.064062
0 0.496875 0.469531 0.153125 0.064062
0 0.656250 0.469531 0.153125 0.064062
1 0.815625 0.469531 0.153125 0.064062