1 0.372656 0.103125 0.076563 0.128125
1 0.455469 0.103125 0.076563 0.128125
0 0.538281 0.103125 0.076563 0.128125
0 0.621094 0.103125 0.076563 0.128125
1 0.152344 0.389062 0.070312 0.146875
0 0.228906 0.389062 0.070312 0.146875
0 0.305469 0.389062 0.070312 0.146875
1 0.382031 0.389062 0.070312 0.146875
1 0.458594 0.389062 0.070312 0.146875
1 0.535156 0.389062 0.070312 0.146875
1 0.611719 0.389062 0.070312 0.146875
1 0.688281 0.389062 0.070312 0.146875
1 0.764844 0.389062 0.070312 0.146875
0 0.841406 0.389062 0.070312 0.146875