1 0.119531 0.128906 0.101562 0.148438
1 0.227344 0.128906 0.101562 0.148438
0 0.335156 0.128906 0.101562 0.148438
0 0.442969 0.128906 0.101562 0.148438
0 0.550781 0.128906 0.101562 0.148438
1 0.658594 0.128906 0.101562 0.148438
0 0.766406 0.128906 0.101562 0.148438
0 0.874219 0.128906 0.101562 0.148438
1 0.340625 0.403906 0.071875 0.151562
0 0.418750 0.403906 0.071875 0.151562
1 0.496875 0.403906 0.071875 0.151562
0 0.575000 0.403906 0.071875 0.151562
1 0.653125 0.403906 0.071875 0.151562
1 0.282031 0.664062 0.079687 0.118750
0 0.367969 0.664062 0.079687 0.118750
1 0.453906 0.664062 0.079687 0.118750
1 0.539844 0.664062 0.079687 0.118750
1 0.625781 0.664062 0.079687 0.118750
1 0.711719 0.664062 0.079687 0.118750