1 0.165625 0.094792 0.156250 0.077083
1 0.330208 0.094792 0.156250 0.077083
1 0.494792 0.094792 0.156250 0.077083
1 0.659375 0.094792 0.156250 0.077083
1 0.823958 0.094792 0.156250 0.077083
1 0.182292 0.364583 0.147917 0.079167
0 0.338542 0.364583 0.147917 0.079167
1 0.494792 0.364583 0.147917 0.079167
0 0.651042 0.364583 0.147917 0.079167
1 0.807292 0.364583 0.147917 0.079167
1 0.165625 0.640625 0.156250 0.089583
0 0.330208 0.640625 0.156250 0.089583
1 0.494792 0.640625 0.156250 0.089583
1 0.659375 0.640625 0.156250 0.089583
1 0.823958 0.640625 0.156250 0.089583