1 0.198958 0.171875 0.110417 0.135417
1 0.317708 0.171875 0.110417 0.135417
1 0.436458 0.171875 0.110417 0.135417
1 0.555208 0.171875 0.110417 0.135417
0 0.673958 0.171875 0.110417 0.135417
1 0.792708 0.171875 0.110417 0.135417
0 0.330208 0.465625 0.102083 0.181250
1 0.440625 0.465625 0.102083 0.181250
1 0.551042 0.465625 0.102083 0.181250
1 0.661458 0.465625 0.102083 0.181250
1 0.145833 0.777083 0.079167 0.170833
1 0.233333 0.777083 0.079167 0.170833
0 0.320833 0.777083 0.079167 0.170833
1 0.408333 0.777083 0.079167 0.170833
1 0.495833 0.777083 0.079167 0.170833
1 0.583333 0.777083 0.079167 0.170833
1 0.670833 0.777083 0.079167 0.170833
1 0.758333 0.777083 0.079167 0.170833
1 0.845833 0.777083 0.079167 0.170833