1 0.207292 0.169792 0.135417 0.197917
0 0.351042 0.169792 0.135417 0.197917
0 0.494792 0.169792 0.135417 0.197917
1 0.638542 0.169792 0.135417 0.197917
1 0.782292 0.169792 0.135417 0.197917
0 0.138542 0.488542 0.110417 0.168750
0 0.257292 0.488542 0.110417 0.168750
1 0.376042 0.488542 0.110417 0.168750
1 0.494792 0.488542 0.110417 0.168750
1 0.613542 0.488542 0.110417 0.168750
0 0.732292 0.488542 0.110417 0.168750
1 0.851042 0.488542 0.110417 0.168750
0 0.138542 0.798958 0.093750 0.181250
1 0.240625 0.798958 0.093750 0.181250
1 0.342708 0.798958 0.093750 0.181250
0 0.444792 0.798958 0.093750 0.181250
0 0.546875 0.798958 0.093750 0.181250
0 0.648958 0.798958 0.093750 0.181250
1 0.751042 0.798958 0.093750 0.181250
0 0.853125 0.798958 0.093750 0.181250