0 0.145833 0.141667 0.108333 0.158333
1 0.262500 0.141667 0.108333 0.158333
1 0.379167 0.141667 0.108333 0.158333
1 0.495833 0.141667 0.108333 0.158333
1 0.612500 0.141667 0.108333 0.158333
1 0.729167 0.141667 0.108333 0.158333
0 0.845833 0.141667 0.108333 0.158333
0 0.172917 0.468750 0.120833 0.154167
1 0.302083 0.468750 0.120833 0.154167
0 0.431250 0.468750 0.120833 0.154167
0 0.560417 0.468750 0.120833 0.154167
0 0.689583 0.468750 0.120833 0.154167
1 0.818750 0.468750 0.120833 0.154167
0 0.138542 0.789583 0.093750 0.145833
0 0.240625 0.789583 0.093750 0.145833
1 0.342708 0.789583 0.093750 0.145833
0 0.444792 0.789583 0.093750 0.145833
1 0.546875 0.789583 0.093750 0.145833
0 0.648958 0.789583 0.093750 0.145833
1 0.751042 0.789583 0.093750 0.145833
1 0.853125 0.789583 0.093750 0.145833