0 0.157292 0.095833 0.160417 0.091667
1 0.326042 0.095833 0.160417 0.091667
1 0.494792 0.095833 0.160417 0.091667
1 0.663542 0.095833 0.160417 0.091667
0 0.832292 0.095833 0.160417 0.091667
1 0.180208 0.312500 0.202083 0.083333
1 0.390625 0.312500 0.202083 0.083333
1 0.601042 0.312500 0.202083 0.083333
0 0.811458 0.312500 0.202083 0.083333
0 0.170833 0.529167 0.154167 0.091667
1 0.333333 0.529167 0.154167 0.091667
1 0.495833 0.529167 0.154167 0.091667
1 0.658333 0.529167 0.154167 0.091667
1 0.820833 0.529167 0.154167 0.091667
0 0.208333 0.738542 0.183333 0.068750
1 0.400000 0.738542 0.183333 0.068750
1 0.591667 0.738542 0.183333 0.068750
1 0.783333 0.738542 0.183333 0.068750