1 0.090625 0.120313 0.075000 0.156250
1 0.171875 0.120313 0.075000 0.156250
1 0.253125 0.120313 0.075000 0.156250
0 0.334375 0.120313 0.075000 0.156250
1 0.415625 0.120313 0.075000 0.156250
1 0.496875 0.120313 0.075000 0.156250
1 0.578125 0.120313 0.075000 0.156250
1 0.659375 0.120313 0.075000 0.156250
1 0.740625 0.120313 0.075000 0.156250
0 0.821875 0.120313 0.075000 0.156250
0 0.903125 0.120313 0.075000 0.156250
1 0.084375 0.375000 0.068750 0.153125
1 0.159375 0.375000 0.068750 0.153125
1 0.234375 0.375000 0.068750 0.153125
1 0.309375 0.375000 0.068750 0.153125
0 0.384375 0.375000 0.068750 0.153125
1 0.459375 0.375000 0.068750 0.153125
1 0.534375 0.375000 0.068750 0.153125
1 0.609375 0.375000 0.068750 0.153125
1 0.684375 0.375000 0.068750 0.153125
1 0.759375 0.375000 0.068750 0.153125
1 0.834375 0.375000 0.068750 0.153125
1 0.909375 0.375000 0.068750 0.153125
1 0.336719 0.625000 0.057813 0.146875
1 0.400781 0.625000 0.057813 0.146875
1 0.464844 0.625000 0.057813 0.146875
1 0.528906 0.625000 0.057813 0.146875
1 0.592969 0.625000 0.057813 0.146875
0 0.657031 0.625000 0.057813 0.146875
0 0.119531 0.875000 0.101562 0.153125
0 0.227344 0.875000 0.101562 0.153125
0 0.335156 0.875000 0.101562 0.153125
1 0.442969 0.875000 0.101562 0.153125
1 0.550781 0.875000 0.101562 0.153125
1 0.658594 0.875000 0.101562 0.153125
1 0.766406 0.875000 0.101562 0.153125
1 0.874219 0.875000 0.101562 0.153125