1 0.137153 0.115451 0.072917 0.154514
0 0.217014 0.115451 0.072917 0.154514
1 0.296875 0.115451 0.072917 0.154514
0 0.376736 0.115451 0.072917 0.154514
1 0.456597 0.115451 0.072917 0.154514
0 0.536458 0.115451 0.072917 0.154514
0 0.616319 0.115451 0.072917 0.154514
0 0.696181 0.115451 0.072917 0.154514
0 0.776042 0.115451 0.072917 0.154514
1 0.855903 0.115451 0.072917 0.154514
1 0.105035 0.420139 0.064236 0.159722
1 0.176215 0.420139 0.064236 0.159722
1 0.247396 0.420139 0.064236 0.159722
1 0.318576 0.420139 0.064236 0.159722
1 0.389757 0.420139 0.064236 0.159722
1 0.460938 0.420139 0.064236 0.159722
1 0.532118 0.420139 0.064236 0.159722
1 0.603299 0.420139 0.064236 0.159722
1 0.674479 0.420139 0.064236 0.159722
1 0.745660 0.420139 0.064236 0.159722
1 0.816840 0.420139 0.064236 0.159722
1 0.888021 0.420139 0.064236 0.159722
1 0.318576 0.709201 0.081597 0.123264
1 0.407118 0.709201 0.081597 0.123264
1 0.495660 0.709201 0.081597 0.123264
0 0.584201 0.709201 0.081597 0.123264
1 0.672743 0.709201 0.081597 0.123264