0 0.119531 0.104688 0.101562 0.140625
1 0.227344 0.104688 0.101562 0.140625
1 0.335156 0.104688 0.101562 0.140625
0 0.442969 0.104688 0.101562 0.140625
1 0.550781 0.104688 0.101562 0.140625
1 0.658594 0.104688 0.101562 0.140625
1 0.766406 0.104688 0.101562 0.140625
1 0.874219 0.104688 0.101562 0.140625
1 0.353125 0.385156 0.065625 0.120313
0 0.425000 0.385156 0.065625 0.120313
0 0.496875 0.385156 0.065625 0.120313
1 0.568750 0.385156 0.065625 0.120313
1 0.640625 0.385156 0.065625 0.120313
1 0.101562 0.658594 0.065625 0.126562
1 0.173437 0.658594 0.065625 0.126562
1 0.245312 0.658594 0.065625 0.126562
1 0.317188 0.658594 0.065625 0.126562
1 0.389062 0.658594 0.065625 0.126562
1 0.460938 0.658594 0.065625 0.126562
0 0.532813 0.658594 0.065625 0.126562
1 0.604688 0.658594 0.065625 0.126562
0 0.676562 0.658594 0.065625 0.126562
0 0.748437 0.658594 0.065625 0.126562
1 0.820312 0.658594 0.065625 0.126562
1 0.892188 0.658594 0.065625 0.126562