1 0.145833 0.162500 0.108333 0.187500
0 0.262500 0.162500 0.108333 0.187500
0 0.379167 0.162500 0.108333 0.187500
1 0.495833 0.162500 0.108333 0.187500
0 0.612500 0.162500 0.108333 0.187500
1 0.729167 0.162500 0.108333 0.187500
1 0.845833 0.162500 0.108333 0.187500
0 0.112500 0.484375 0.087500 0.147917
1 0.208333 0.484375 0.087500 0.147917
0 0.304167 0.484375 0.087500 0.147917
1 0.400000 0.484375 0.087500 0.147917
1 0.495833 0.484375 0.087500 0.147917
0 0.591667 0.484375 0.087500 0.147917
1 0.687500 0.484375 0.087500 0.147917
1 0.783333 0.484375 0.087500 0.147917
1 0.879167 0.484375 0.087500 0.147917