1 0.145833 0.160417 0.091667 0.154167
1 0.245833 0.160417 0.091667 0.154167
1 0.345833 0.160417 0.091667 0.154167
1 0.445833 0.160417 0.091667 0.154167
1 0.545833 0.160417 0.091667 0.154167
0 0.645833 0.160417 0.091667 0.154167
1 0.745833 0.160417 0.091667 0.154167
1 0.845833 0.160417 0.091667 0.154167
1 0.170833 0.515625 0.100000 0.197917
1 0.279167 0.515625 0.100000 0.197917
1 0.387500 0.515625 0.100000 0.197917
1 0.495833 0.515625 0.100000 0.197917
1 0.604167 0.515625 0.100000 0.197917
1 0.712500 0.515625 0.100000 0.197917
0 0.820833 0.515625 0.100000 0.197917