1 0.223090 0.127604 0.071181 0.140625
1 0.301215 0.127604 0.071181 0.140625
1 0.379340 0.127604 0.071181 0.140625
0 0.457465 0.127604 0.071181 0.140625
1 0.535590 0.127604 0.071181 0.140625
1 0.613715 0.127604 0.071181 0.140625
1 0.691840 0.127604 0.071181 0.140625
1 0.769965 0.127604 0.071181 0.140625
0 0.253472 0.361111 0.090278 0.118056
1 0.350694 0.361111 0.090278 0.118056
1 0.447917 0.361111 0.090278 0.118056
0 0.545139 0.361111 0.090278 0.118056
1 0.642361 0.361111 0.090278 0.118056
0 0.739583 0.361111 0.090278 0.118056
1 0.197049 0.592014 0.067708 0.135417
1 0.271701 0.592014 0.067708 0.135417
0 0.346354 0.592014 0.067708 0.135417
0 0.421007 0.592014 0.067708 0.135417
1 0.495660 0.592014 0.067708 0.135417
1 0.570312 0.592014 0.067708 0.135417
1 0.644965 0.592014 0.067708 0.135417
1 0.719618 0.592014 0.067708 0.135417
1 0.794271 0.592014 0.067708 0.135417
1 0.135417 0.842882 0.083333 0.157986
1 0.225694 0.842882 0.083333 0.157986
0 0.315972 0.842882 0.083333 0.157986
1 0.406250 0.842882 0.083333 0.157986
1 0.496528 0.842882 0.083333 0.157986
1 0.586806 0.842882 0.083333 0.157986
1 0.677083 0.842882 0.083333 0.157986
1 0.767361 0.842882 0.083333 0.157986
0 0.857639 0.842882 0.083333 0.157986