1 0.121528 0.163194 0.076389 0.173611
1 0.204861 0.163194 0.076389 0.173611
1 0.288194 0.163194 0.076389 0.173611
1 0.371528 0.163194 0.076389 0.173611
1 0.454861 0.163194 0.076389 0.173611
1 0.538194 0.163194 0.076389 0.173611
1 0.621528 0.163194 0.076389 0.173611
1 0.704861 0.163194 0.076389 0.173611
1 0.788194 0.163194 0.076389 0.173611
0 0.871528 0.163194 0.076389 0.173611
1 0.125868 0.498264 0.098958 0.156250
1 0.231771 0.498264 0.098958 0.156250
1 0.337674 0.498264 0.098958 0.156250
1 0.443576 0.498264 0.098958 0.156250
1 0.549479 0.498264 0.098958 0.156250
1 0.655382 0.498264 0.098958 0.156250
1 0.761285 0.498264 0.098958 0.156250
1 0.867188 0.498264 0.098958 0.156250
1 0.135417 0.824653 0.083333 0.156250
1 0.225694 0.824653 0.083333 0.156250
1 0.315972 0.824653 0.083333 0.156250
1 0.406250 0.824653 0.083333 0.156250
0 0.496528 0.824653 0.083333 0.156250
1 0.586806 0.824653 0.083333 0.156250
1 0.677083 0.824653 0.083333 0.156250
1 0.767361 0.824653 0.083333 0.156250
1 0.857639 0.824653 0.083333 0.156250