0 0.118750 0.130469 0.062500 0.145313
1 0.187500 0.130469 0.062500 0.145313
1 0.256250 0.130469 0.062500 0.145313
0 0.325000 0.130469 0.062500 0.145313
0 0.393750 0.130469 0.062500 0.145313
1 0.462500 0.130469 0.062500 0.145313
1 0.531250 0.130469 0.062500 0.145313
0 0.600000 0.130469 0.062500 0.145313
1 0.668750 0.130469 0.062500 0.145313
1 0.737500 0.130469 0.062500 0.145313
0 0.806250 0.130469 0.062500 0.145313
1 0.875000 0.130469 0.062500 0.145313
1 0.309375 0.377344 0.087500 0.135937
0 0.403125 0.377344 0.087500 0.135937
1 0.496875 0.377344 0.087500 0.135937
1 0.590625 0.377344 0.087500 0.135937
0 0.684375 0.377344 0.087500 0.135937
0 0.173437 0.607031 0.065625 0.110937
0 0.245312 0.607031 0.065625 0.110937
0 0.317188 0.607031 0.065625 0.110937
0 0.389062 0.607031 0.065625 0.110937
1 0.460938 0.607031 0.065625 0.110937
1 0.532813 0.607031 0.065625 0.110937
1 0.604688 0.607031 0.065625 0.110937
0 0.676562 0.607031 0.065625 0.110937
1 0.748437 0.607031 0.065625 0.110937
0 0.820312 0.607031 0.065625 0.110937
1 0.141406 0.839063 0.095312 0.140625
0 0.242969 0.839063 0.095312 0.140625
1 0.344531 0.839063 0.095312 0.140625
1 0.446094 0.839063 0.095312 0.140625
1 0.547656 0.839063 0.095312 0.140625
0 0.649219 0.839063 0.095312 0.140625
0 0.750781 0.839063 0.095312 0.140625
0 0.852344 0.839063 0.095312 0.140625