1 0.136719 0.085938 0.171875 0.074219
0 0.316406 0.085938 0.171875 0.074219
1 0.496094 0.085938 0.171875 0.074219
1 0.675781 0.085938 0.171875 0.074219
1 0.855469 0.085938 0.171875 0.074219
1 0.191406 0.296875 0.144531 0.074219
0 0.343750 0.296875 0.144531 0.074219
1 0.496094 0.296875 0.144531 0.074219
0 0.648438 0.296875 0.144531 0.074219
1 0.800781 0.296875 0.144531 0.074219
1 0.183594 0.512695 0.148438 0.083984
1 0.339844 0.512695 0.148438 0.083984
0 0.496094 0.512695 0.148438 0.083984
0 0.652344 0.512695 0.148438 0.083984
0 0.808594 0.512695 0.148438 0.083984
0 0.206055 0.727539 0.185547 0.072266
1 0.399414 0.727539 0.185547 0.072266
1 0.592773 0.727539 0.185547 0.072266
0 0.786133 0.727539 0.185547 0.072266