1 0.317969 0.153125 0.082812 0.153125
0 0.407031 0.153125 0.082812 0.153125
1 0.496094 0.153125 0.082812 0.153125
1 0.585156 0.153125 0.082812 0.153125
1 0.674219 0.153125 0.082812 0.153125
0 0.210156 0.393750 0.089063 0.134375
0 0.305469 0.393750 0.089063 0.134375
0 0.400781 0.393750 0.089063 0.134375
0 0.496094 0.393750 0.089063 0.134375
1 0.591406 0.393750 0.089063 0.134375
1 0.686719 0.393750 0.089063 0.134375
1 0.782031 0.393750 0.089063 0.134375
1 0.178125 0.633594 0.100000 0.151562
0 0.284375 0.633594 0.100000 0.151562
1 0.390625 0.633594 0.100000 0.151562
1 0.496875 0.633594 0.100000 0.151562
1 0.603125 0.633594 0.100000 0.151562
1 0.709375 0.633594 0.100000 0.151562
1 0.815625 0.633594 0.100000 0.151562