0 0.264757 0.066840 0.147569 0.060764
1 0.419271 0.066840 0.147569 0.060764
1 0.573785 0.066840 0.147569 0.060764
1 0.728299 0.066840 0.147569 0.060764
1 0.110243 0.270833 0.147569 0.069444
0 0.264757 0.270833 0.147569 0.069444
1 0.419271 0.270833 0.147569 0.069444
0 0.573785 0.270833 0.147569 0.069444
1 0.728299 0.270833 0.147569 0.069444
1 0.882812 0.270833 0.147569 0.069444
0 0.214410 0.481771 0.133681 0.074653
0 0.355035 0.481771 0.133681 0.074653
1 0.495660 0.481771 0.133681 0.074653
0 0.636285 0.481771 0.133681 0.074653
0 0.776910 0.481771 0.133681 0.074653