0 0.188542 0.141667 0.093750 0.158333
0 0.290625 0.141667 0.093750 0.158333
1 0.392708 0.141667 0.093750 0.158333
1 0.494792 0.141667 0.093750 0.158333
1 0.596875 0.141667 0.093750 0.158333
1 0.698958 0.141667 0.093750 0.158333
1 0.801042 0.141667 0.093750 0.158333
1 0.317708 0.481250 0.110417 0.158333
0 0.436458 0.481250 0.110417 0.158333
0 0.555208 0.481250 0.110417 0.158333
0 0.673958 0.481250 0.110417 0.158333
1 0.158333 0.816667 0.104167 0.150000
1 0.270833 0.816667 0.104167 0.150000
0 0.383333 0.816667 0.104167 0.150000
0 0.495833 0.816667 0.104167 0.150000
0 0.608333 0.816667 0.104167 0.150000
0 0.720833 0.816667 0.104167 0.150000
1 0.833333 0.816667 0.104167 0.150000