0 0.367969 0.137500 0.057813 0.146875
1 0.432031 0.137500 0.057813 0.146875
1 0.496094 0.137500 0.057813 0.146875
1 0.560156 0.137500 0.057813 0.146875
0 0.624219 0.137500 0.057813 0.146875
1 0.117188 0.400781 0.078125 0.104688
1 0.201563 0.400781 0.078125 0.104688
0 0.285938 0.400781 0.078125 0.104688
0 0.370312 0.400781 0.078125 0.104688
1 0.454688 0.400781 0.078125 0.104688
1 0.539062 0.400781 0.078125 0.104688
0 0.623437 0.400781 0.078125 0.104688
0 0.707812 0.400781 0.078125 0.104688
1 0.792188 0.400781 0.078125 0.104688
1 0.876563 0.400781 0.078125 0.104688
1 0.225000 0.653125 0.084375 0.125000
0 0.315625 0.653125 0.084375 0.125000
1 0.406250 0.653125 0.084375 0.125000
0 0.496875 0.653125 0.084375 0.125000
1 0.587500 0.653125 0.084375 0.125000
0 0.678125 0.653125 0.084375 0.125000
1 0.768750 0.653125 0.084375 0.125000