1 0.135417 0.121528 0.083333 0.128472
1 0.225694 0.121528 0.083333 0.128472
1 0.315972 0.121528 0.083333 0.128472
1 0.406250 0.121528 0.083333 0.128472
1 0.496528 0.121528 0.083333 0.128472
0 0.586806 0.121528 0.083333 0.128472
1 0.677083 0.121528 0.083333 0.128472
1 0.767361 0.121528 0.083333 0.128472
1 0.857639 0.121528 0.083333 0.128472
0 0.157118 0.410590 0.060764 0.123264
0 0.224826 0.410590 0.060764 0.123264
0 0.292535 0.410590 0.060764 0.123264
1 0.360243 0.410590 0.060764 0.123264
1 0.427951 0.410590 0.060764 0.123264
0 0.495660 0.410590 0.060764 0.123264
1 0.563368 0.410590 0.060764 0.123264
0 0.631076 0.410590 0.060764 0.123264
1 0.698785 0.410590 0.060764 0.123264
0 0.766493 0.410590 0.060764 0.123264
0 0.834201 0.410590 0.060764 0.123264
1 0.339410 0.697049 0.071181 0.123264
1 0.417535 0.697049 0.071181 0.123264
1 0.495660 0.697049 0.071181 0.123264
1 0.573785 0.697049 0.071181 0.123264
1 0.651910 0.697049 0.071181 0.123264