1 0.157118 0.155382 0.105903 0.154514
1 0.269965 0.155382 0.105903 0.154514
1 0.382812 0.155382 0.105903 0.154514
0 0.495660 0.155382 0.105903 0.154514
0 0.608507 0.155382 0.105903 0.154514
1 0.721354 0.155382 0.105903 0.154514
1 0.834201 0.155382 0.105903 0.154514
1 0.157118 0.467014 0.105903 0.170139
1 0.269965 0.467014 0.105903 0.170139
0 0.382812 0.467014 0.105903 0.170139
1 0.495660 0.467014 0.105903 0.170139
0 0.608507 0.467014 0.105903 0.170139
1 0.721354 0.467014 0.105903 0.170139
1 0.834201 0.467014 0.105903 0.170139