1 0.221875 0.083594 0.062500 0.104688
1 0.290625 0.083594 0.062500 0.104688
1 0.359375 0.083594 0.062500 0.104688
1 0.428125 0.083594 0.062500 0.104688
1 0.496875 0.083594 0.062500 0.104688
1 0.565625 0.083594 0.062500 0.104688
1 0.634375 0.083594 0.062500 0.104688
1 0.703125 0.083594 0.062500 0.104688
0 0.771875 0.083594 0.062500 0.104688
1 0.217969 0.302344 0.073438 0.107813
1 0.297656 0.302344 0.073438 0.107813
0 0.377344 0.302344 0.073438 0.107813
1 0.457031 0.302344 0.073438 0.107813
0 0.536719 0.302344 0.073438 0.107813
1 0.616406 0.302344 0.073438 0.107813
0 0.696094 0.302344 0.073438 0.107813
0 0.775781 0.302344 0.073438 0.107813
1 0.166406 0.532813 0.067187 0.128125
1 0.239844 0.532813 0.067187 0.128125
0 0.313281 0.532813 0.067187 0.128125
1 0.386719 0.532813 0.067187 0.128125
1 0.460156 0.532813 0.067187 0.128125
1 0.533594 0.532813 0.067187 0.128125
0 0.607031 0.532813 0.067187 0.128125
1 0.680469 0.532813 0.067187 0.128125
0 0.753906 0.532813 0.067187 0.128125
1 0.827344 0.532813 0.067187 0.128125
1 0.180469 0.761719 0.064062 0.104688
1 0.250781 0.761719 0.064062 0.104688
0 0.321094 0.761719 0.064062 0.104688
1 0.391406 0.761719 0.064062 0.104688
1 0.461719 0.761719 0.064062 0.104688
1 0.532031 0.761719 0.064062 0.104688
1 0.602344 0.761719 0.064062 0.104688
0 0.672656 0.761719 0.064062 0.104688
1 0.742969 0.761719 0.064062 0.104688
1 0.813281 0.761719 0.064062 0.104688