1 0.220833 0.122917 0.083333 0.145833
0 0.312500 0.122917 0.083333 0.145833
1 0.404167 0.122917 0.083333 0.145833
0 0.495833 0.122917 0.083333 0.145833
0 0.587500 0.122917 0.083333 0.145833
0 0.679167 0.122917 0.083333 0.145833
1 0.770833 0.122917 0.083333 0.145833
1 0.133333 0.436458 0.112500 0.168750
1 0.254167 0.436458 0.112500 0.168750
1 0.375000 0.436458 0.112500 0.168750
0 0.495833 0.436458 0.112500 0.168750
1 0.616667 0.436458 0.112500 0.168750
1 0.737500 0.436458 0.112500 0.168750
1 0.858333 0.436458 0.112500 0.168750
1 0.172917 0.777083 0.120833 0.200000
0 0.302083 0.777083 0.120833 0.200000
1 0.431250 0.777083 0.120833 0.200000
0 0.560417 0.777083 0.120833 0.200000
1 0.689583 0.777083 0.120833 0.200000
0 0.818750 0.777083 0.120833 0.200000