1 0.205469 0.095312 0.139063 0.050000
0 0.350781 0.095312 0.139063 0.050000
1 0.496094 0.095312 0.139063 0.050000
1 0.641406 0.095312 0.139063 0.050000
1 0.786719 0.095312 0.139063 0.050000
0 0.246875 0.281250 0.118750 0.050000
0 0.371875 0.281250 0.118750 0.050000
0 0.496875 0.281250 0.118750 0.050000
1 0.621875 0.281250 0.118750 0.050000
1 0.746875 0.281250 0.118750 0.050000
1 0.164844 0.473438 0.126562 0.062500
1 0.297656 0.473438 0.126562 0.062500
0 0.430469 0.473438 0.126562 0.062500
1 0.563281 0.473438 0.126562 0.062500
1 0.696094 0.473438 0.126562 0.062500
1 0.828906 0.473438 0.126562 0.062500