1 0.091797 0.112305 0.082031 0.146484
1 0.181641 0.112305 0.082031 0.146484
1 0.271484 0.112305 0.082031 0.146484
1 0.361328 0.112305 0.082031 0.146484
1 0.451172 0.112305 0.082031 0.146484
0 0.541016 0.112305 0.082031 0.146484
1 0.630859 0.112305 0.082031 0.146484
1 0.720703 0.112305 0.082031 0.146484
1 0.810547 0.112305 0.082031 0.146484
1 0.900391 0.112305 0.082031 0.146484
1 0.329102 0.446289 0.103516 0.166016
1 0.440430 0.446289 0.103516 0.166016
0 0.551758 0.446289 0.103516 0.166016
0 0.663086 0.446289 0.103516 0.166016
1 0.346680 0.795898 0.091797 0.177734
1 0.446289 0.795898 0.091797 0.177734
1 0.545898 0.795898 0.091797 0.177734
0 0.645508 0.795898 0.091797 0.177734