0 0.329861 0.116319 0.104167 0.152778
1 0.440972 0.116319 0.104167 0.152778
0 0.552083 0.116319 0.104167 0.152778
0 0.663194 0.116319 0.104167 0.152778
0 0.215278 0.412326 0.086806 0.157986
1 0.309028 0.412326 0.086806 0.157986
1 0.402778 0.412326 0.086806 0.157986
1 0.496528 0.412326 0.086806 0.157986
0 0.590278 0.412326 0.086806 0.157986
0 0.684028 0.412326 0.086806 0.157986
1 0.777778 0.412326 0.086806 0.157986
1 0.223090 0.704861 0.102431 0.145833
0 0.332465 0.704861 0.102431 0.145833
0 0.441840 0.704861 0.102431 0.145833
1 0.551215 0.704861 0.102431 0.145833
1 0.660590 0.704861 0.102431 0.145833
1 0.769965 0.704861 0.102431 0.145833