0 0.271875 0.116406 0.068750 0.148438
1 0.346875 0.116406 0.068750 0.148438
1 0.421875 0.116406 0.068750 0.148438
1 0.496875 0.116406 0.068750 0.148438
0 0.571875 0.116406 0.068750 0.148438
0 0.646875 0.116406 0.068750 0.148438
1 0.721875 0.116406 0.068750 0.148438
1 0.311719 0.393750 0.085938 0.112500
0 0.403906 0.393750 0.085938 0.112500
0 0.496094 0.393750 0.085938 0.112500
1 0.588281 0.393750 0.085938 0.112500
0 0.680469 0.393750 0.085938 0.112500
1 0.114844 0.671875 0.089063 0.150000
1 0.210156 0.671875 0.089063 0.150000
1 0.305469 0.671875 0.089063 0.150000
1 0.400781 0.671875 0.089063 0.150000
1 0.496094 0.671875 0.089063 0.150000
1 0.591406 0.671875 0.089063 0.150000
0 0.686719 0.671875 0.089063 0.150000
0 0.782031 0.671875 0.089063 0.150000
1 0.877344 0.671875 0.089063 0.150000