0 0.184375 0.100781 0.071875 0.120313
1 0.262500 0.100781 0.071875 0.120313
0 0.340625 0.100781 0.071875 0.120313
1 0.418750 0.100781 0.071875 0.120313
1 0.496875 0.100781 0.071875 0.120313
1 0.575000 0.100781 0.071875 0.120313
0 0.653125 0.100781 0.071875 0.120313
1 0.731250 0.100781 0.071875 0.120313
1 0.809375 0.100781 0.071875 0.120313
1 0.245312 0.363281 0.065625 0.123438
1 0.317188 0.363281 0.065625 0.123438
1 0.389062 0.363281 0.065625 0.123438
1 0.460938 0.363281 0.065625 0.123438
0 0.532813 0.363281 0.065625 0.123438
1 0.604688 0.363281 0.065625 0.123438
1 0.676562 0.363281 0.065625 0.123438
1 0.748437 0.363281 0.065625 0.123438
1 0.089063 0.642969 0.084375 0.154688
0 0.179688 0.642969 0.084375 0.154688
0 0.270313 0.642969 0.084375 0.154688
1 0.360938 0.642969 0.084375 0.154688
1 0.451562 0.642969 0.084375 0.154688
1 0.542188 0.642969 0.084375 0.154688
1 0.632812 0.642969 0.084375 0.154688
0 0.723437 0.642969 0.084375 0.154688
0 0.814063 0.642969 0.084375 0.154688
1 0.904687 0.642969 0.084375 0.154688