1 0.107639 0.111979 0.090278 0.144097
1 0.204861 0.111979 0.090278 0.144097
1 0.302083 0.111979 0.090278 0.144097
1 0.399306 0.111979 0.090278 0.144097
0 0.496528 0.111979 0.090278 0.144097
0 0.593750 0.111979 0.090278 0.144097
0 0.690972 0.111979 0.090278 0.144097
0 0.788194 0.111979 0.090278 0.144097
1 0.885417 0.111979 0.090278 0.144097
0 0.138021 0.388021 0.095486 0.123264
0 0.240451 0.388021 0.095486 0.123264
1 0.342882 0.388021 0.095486 0.123264
1 0.445312 0.388021 0.095486 0.123264
1 0.547743 0.388021 0.095486 0.123264
1 0.650174 0.388021 0.095486 0.123264
1 0.752604 0.388021 0.095486 0.123264
1 0.855035 0.388021 0.095486 0.123264
1 0.315972 0.648438 0.083333 0.112847
1 0.406250 0.648438 0.083333 0.112847
1 0.496528 0.648438 0.083333 0.112847
1 0.586806 0.648438 0.083333 0.112847
0 0.677083 0.648438 0.083333 0.112847