0 0.164062 0.159180 0.125000 0.154297
1 0.296875 0.159180 0.125000 0.154297
1 0.429688 0.159180 0.125000 0.154297
0 0.562500 0.159180 0.125000 0.154297
1 0.695312 0.159180 0.125000 0.154297
1 0.828125 0.159180 0.125000 0.154297
1 0.188477 0.446289 0.115234 0.185547
1 0.311523 0.446289 0.115234 0.185547
0 0.434570 0.446289 0.115234 0.185547
1 0.557617 0.446289 0.115234 0.185547
0 0.680664 0.446289 0.115234 0.185547
1 0.803711 0.446289 0.115234 0.185547
0 0.168945 0.739258 0.123047 0.166016
1 0.299805 0.739258 0.123047 0.166016
1 0.430664 0.739258 0.123047 0.166016
1 0.561523 0.739258 0.123047 0.166016
1 0.692383 0.739258 0.123047 0.166016
1 0.823242 0.739258 0.123047 0.166016