1 0.125000 0.170673 0.096154 0.192308
0 0.230769 0.170673 0.096154 0.192308
1 0.336538 0.170673 0.096154 0.192308
1 0.442308 0.170673 0.096154 0.192308
1 0.548077 0.170673 0.096154 0.192308
1 0.653846 0.170673 0.096154 0.192308
1 0.759615 0.170673 0.096154 0.192308
1 0.865385 0.170673 0.096154 0.192308
1 0.169471 0.612981 0.098558 0.221154
1 0.277644 0.612981 0.098558 0.221154
1 0.385817 0.612981 0.098558 0.221154
1 0.493990 0.612981 0.098558 0.221154
1 0.602163 0.612981 0.098558 0.221154
1 0.710337 0.612981 0.098558 0.221154
1 0.818510 0.612981 0.098558 0.221154