1 0.187500 0.123438 0.062500 0.156250
1 0.256250 0.123438 0.062500 0.156250
0 0.325000 0.123438 0.062500 0.156250
1 0.393750 0.123438 0.062500 0.156250
1 0.462500 0.123438 0.062500 0.156250
0 0.531250 0.123438 0.062500 0.156250
0 0.600000 0.123438 0.062500 0.156250
1 0.668750 0.123438 0.062500 0.156250
1 0.737500 0.123438 0.062500 0.156250
1 0.806250 0.123438 0.062500 0.156250
0 0.090625 0.388281 0.075000 0.151562
1 0.171875 0.388281 0.075000 0.151562
1 0.253125 0.388281 0.075000 0.151562
1 0.334375 0.388281 0.075000 0.151562
1 0.415625 0.388281 0.075000 0.151562
0 0.496875 0.388281 0.075000 0.151562
0 0.578125 0.388281 0.075000 0.151562
0 0.659375 0.388281 0.075000 0.151562
1 0.740625 0.388281 0.075000 0.151562
0 0.821875 0.388281 0.075000 0.151562
1 0.903125 0.388281 0.075000 0.151562
0 0.270313 0.647656 0.084375 0.145313
0 0.360938 0.647656 0.084375 0.145313
1 0.451562 0.647656 0.084375 0.145313
1 0.542188 0.647656 0.084375 0.145313
1 0.632812 0.647656 0.084375 0.145313
1 0.723437 0.647656 0.084375 0.145313