1 0.337891 0.161133 0.097656 0.181641
0 0.443359 0.161133 0.097656 0.181641
0 0.548828 0.161133 0.097656 0.181641
0 0.654297 0.161133 0.097656 0.181641
0 0.316406 0.450195 0.082031 0.138672
1 0.406250 0.450195 0.082031 0.138672
1 0.496094 0.450195 0.082031 0.138672
1 0.585938 0.450195 0.082031 0.138672
1 0.675781 0.450195 0.082031 0.138672
1 0.156250 0.734375 0.105469 0.171875
1 0.269531 0.734375 0.105469 0.171875
0 0.382812 0.734375 0.105469 0.171875
1 0.496094 0.734375 0.105469 0.171875
1 0.609375 0.734375 0.105469 0.171875
0 0.722656 0.734375 0.105469 0.171875
1 0.835938 0.734375 0.105469 0.171875