1 0.110156 0.137500 0.064062 0.121875
0 0.180469 0.137500 0.064062 0.121875
1 0.250781 0.137500 0.064062 0.121875
0 0.321094 0.137500 0.064062 0.121875
1 0.391406 0.137500 0.064062 0.121875
0 0.461719 0.137500 0.064062 0.121875
1 0.532031 0.137500 0.064062 0.121875
1 0.602344 0.137500 0.064062 0.121875
1 0.672656 0.137500 0.064062 0.121875
0 0.742969 0.137500 0.064062 0.121875
1 0.813281 0.137500 0.064062 0.121875
0 0.883594 0.137500 0.064062 0.121875
0 0.130469 0.382031 0.098437 0.117188
1 0.235156 0.382031 0.098437 0.117188
1 0.339844 0.382031 0.098437 0.117188
1 0.444531 0.382031 0.098437 0.117188
1 0.549219 0.382031 0.098437 0.117188
0 0.653906 0.382031 0.098437 0.117188
0 0.758594 0.382031 0.098437 0.117188
0 0.863281 0.382031 0.098437 0.117188
0 0.141406 0.632812 0.095312 0.134375
0 0.242969 0.632812 0.095312 0.134375
1 0.344531 0.632812 0.095312 0.134375
0 0.446094 0.632812 0.095312 0.134375
1 0.547656 0.632812 0.095312 0.134375
1 0.649219 0.632812 0.095312 0.134375
0 0.750781 0.632812 0.095312 0.134375
1 0.852344 0.632812 0.095312 0.134375