0 0.183594 0.169922 0.117188 0.187500
0 0.308594 0.169922 0.117188 0.187500
1 0.433594 0.169922 0.117188 0.187500
1 0.558594 0.169922 0.117188 0.187500
1 0.683594 0.169922 0.117188 0.187500
1 0.808594 0.169922 0.117188 0.187500
1 0.154297 0.477539 0.089844 0.162109
1 0.251953 0.477539 0.089844 0.162109
1 0.349609 0.477539 0.089844 0.162109
0 0.447266 0.477539 0.089844 0.162109
1 0.544922 0.477539 0.089844 0.162109
1 0.642578 0.477539 0.089844 0.162109
0 0.740234 0.477539 0.089844 0.162109
1 0.837891 0.477539 0.089844 0.162109
1 0.174805 0.781250 0.083984 0.179688
1 0.266602 0.781250 0.083984 0.179688
0 0.358398 0.781250 0.083984 0.179688
0 0.450195 0.781250 0.083984 0.179688
1 0.541992 0.781250 0.083984 0.179688
1 0.633789 0.781250 0.083984 0.179688
1 0.725586 0.781250 0.083984 0.179688
1 0.817383 0.781250 0.083984 0.179688