1 0.311523 0.165039 0.083984 0.173828
1 0.403320 0.165039 0.083984 0.173828
0 0.495117 0.165039 0.083984 0.173828
0 0.586914 0.165039 0.083984 0.173828
0 0.678711 0.165039 0.083984 0.173828
1 0.133789 0.468750 0.095703 0.195312
1 0.237305 0.468750 0.095703 0.195312
1 0.340820 0.468750 0.095703 0.195312
1 0.444336 0.468750 0.095703 0.195312
0 0.547852 0.468750 0.095703 0.195312
0 0.651367 0.468750 0.095703 0.195312
0 0.754883 0.468750 0.095703 0.195312
0 0.858398 0.468750 0.095703 0.195312
1 0.133789 0.779297 0.095703 0.187500
0 0.237305 0.779297 0.095703 0.187500
1 0.340820 0.779297 0.095703 0.187500
1 0.444336 0.779297 0.095703 0.187500
1 0.547852 0.779297 0.095703 0.187500
1 0.651367 0.779297 0.095703 0.187500
1 0.754883 0.779297 0.095703 0.187500
1 0.858398 0.779297 0.095703 0.187500