1 0.198958 0.192708 0.110417 0.189583
1 0.317708 0.192708 0.110417 0.189583
1 0.436458 0.192708 0.110417 0.189583
0 0.555208 0.192708 0.110417 0.189583
1 0.673958 0.192708 0.110417 0.189583
1 0.792708 0.192708 0.110417 0.189583
0 0.162500 0.511458 0.075000 0.193750
0 0.245833 0.511458 0.075000 0.193750
1 0.329167 0.511458 0.075000 0.193750
0 0.412500 0.511458 0.075000 0.193750
1 0.495833 0.511458 0.075000 0.193750
0 0.579167 0.511458 0.075000 0.193750
1 0.662500 0.511458 0.075000 0.193750
0 0.745833 0.511458 0.075000 0.193750
1 0.829167 0.511458 0.075000 0.193750
0 0.151042 0.806250 0.106250 0.141667
1 0.265625 0.806250 0.106250 0.141667
0 0.380208 0.806250 0.106250 0.141667
0 0.494792 0.806250 0.106250 0.141667
1 0.609375 0.806250 0.106250 0.141667
0 0.723958 0.806250 0.106250 0.141667
0 0.838542 0.806250 0.106250 0.141667