0 0.130208 0.148958 0.072917 0.177083
1 0.211458 0.148958 0.072917 0.177083
1 0.292708 0.148958 0.072917 0.177083
1 0.373958 0.148958 0.072917 0.177083
0 0.455208 0.148958 0.072917 0.177083
0 0.536458 0.148958 0.072917 0.177083
0 0.617708 0.148958 0.072917 0.177083
1 0.698958 0.148958 0.072917 0.177083
0 0.780208 0.148958 0.072917 0.177083
1 0.861458 0.148958 0.072917 0.177083
1 0.126042 0.487500 0.114583 0.191667
1 0.248958 0.487500 0.114583 0.191667
1 0.371875 0.487500 0.114583 0.191667
1 0.494792 0.487500 0.114583 0.191667
1 0.617708 0.487500 0.114583 0.191667
1 0.740625 0.487500 0.114583 0.191667
0 0.863542 0.487500 0.114583 0.191667
0 0.261458 0.815625 0.085417 0.156250
1 0.355208 0.815625 0.085417 0.156250
0 0.448958 0.815625 0.085417 0.156250
0 0.542708 0.815625 0.085417 0.156250
1 0.636458 0.815625 0.085417 0.156250
1 0.730208 0.815625 0.085417 0.156250