0 0.119792 0.139583 0.085417 0.166667
1 0.213542 0.139583 0.085417 0.166667
1 0.307292 0.139583 0.085417 0.166667
0 0.401042 0.139583 0.085417 0.166667
1 0.494792 0.139583 0.085417 0.166667
1 0.588542 0.139583 0.085417 0.166667
1 0.682292 0.139583 0.085417 0.166667
1 0.776042 0.139583 0.085417 0.166667
1 0.869792 0.139583 0.085417 0.166667
1 0.188542 0.445833 0.093750 0.162500
1 0.290625 0.445833 0.093750 0.162500
1 0.392708 0.445833 0.093750 0.162500
1 0.494792 0.445833 0.093750 0.162500
0 0.596875 0.445833 0.093750 0.162500
1 0.698958 0.445833 0.093750 0.162500
0 0.801042 0.445833 0.093750 0.162500