1 0.190625 0.092969 0.146875 0.054688
1 0.343750 0.092969 0.146875 0.054688
1 0.496875 0.092969 0.146875 0.054688
1 0.650000 0.092969 0.146875 0.054688
0 0.803125 0.092969 0.146875 0.054688
0 0.221875 0.254688 0.131250 0.062500
1 0.359375 0.254688 0.131250 0.062500
1 0.496875 0.254688 0.131250 0.062500
1 0.634375 0.254688 0.131250 0.062500
1 0.771875 0.254688 0.131250 0.062500
0 0.168750 0.419531 0.125000 0.060937
0 0.300000 0.419531 0.125000 0.060937
1 0.431250 0.419531 0.125000 0.060937
1 0.562500 0.419531 0.125000 0.060937
1 0.693750 0.419531 0.125000 0.060937
1 0.825000 0.419531 0.125000 0.060937
0 0.135156 0.580469 0.114062 0.054688
1 0.255469 0.580469 0.114062 0.054688
1 0.375781 0.580469 0.114062 0.054688
1 0.496094 0.580469 0.114062 0.054688
1 0.616406 0.580469 0.114062 0.054688
1 0.736719 0.580469 0.114062 0.054688
0 0.857031 0.580469 0.114062 0.054688
1 0.192969 0.735156 0.145313 0.048438
1 0.344531 0.735156 0.145313 0.048438
0 0.496094 0.735156 0.145313 0.048438
1 0.647656 0.735156 0.145313 0.048438
0 0.799219 0.735156 0.145313 0.048438