1 0.167969 0.141602 0.101562 0.138672
1 0.277344 0.141602 0.101562 0.138672
0 0.386719 0.141602 0.101562 0.138672
1 0.496094 0.141602 0.101562 0.138672
1 0.605469 0.141602 0.101562 0.138672
0 0.714844 0.141602 0.101562 0.138672
1 0.824219 0.141602 0.101562 0.138672
1 0.173828 0.455078 0.121094 0.156250
0 0.302734 0.455078 0.121094 0.156250
1 0.431641 0.455078 0.121094 0.156250
0 0.560547 0.455078 0.121094 0.156250
1 0.689453 0.455078 0.121094 0.156250
1 0.818359 0.455078 0.121094 0.156250
1 0.161133 0.794922 0.103516 0.191406
1 0.272461 0.794922 0.103516 0.191406
1 0.383789 0.794922 0.103516 0.191406
1 0.495117 0.794922 0.103516 0.191406
0 0.606445 0.794922 0.103516 0.191406
1 0.717773 0.794922 0.103516 0.191406
1 0.829102 0.794922 0.103516 0.191406