0 0.229492 0.104492 0.169922 0.064453
1 0.407227 0.104492 0.169922 0.064453
1 0.584961 0.104492 0.169922 0.064453
1 0.762695 0.104492 0.169922 0.064453
0 0.208984 0.320312 0.183594 0.062500
1 0.400391 0.320312 0.183594 0.062500
1 0.591797 0.320312 0.183594 0.062500
1 0.783203 0.320312 0.183594 0.062500
1 0.214844 0.540039 0.179688 0.072266
1 0.402344 0.540039 0.179688 0.072266
1 0.589844 0.540039 0.179688 0.072266
1 0.777344 0.540039 0.179688 0.072266
1 0.191406 0.760742 0.195312 0.064453
1 0.394531 0.760742 0.195312 0.064453
1 0.597656 0.760742 0.195312 0.064453
1 0.800781 0.760742 0.195312 0.064453