0 0.141406 0.124219 0.095312 0.123438
1 0.242969 0.124219 0.095312 0.123438
1 0.344531 0.124219 0.095312 0.123438
0 0.446094 0.124219 0.095312 0.123438
1 0.547656 0.124219 0.095312 0.123438
0 0.649219 0.124219 0.095312 0.123438
1 0.750781 0.124219 0.095312 0.123438
1 0.852344 0.124219 0.095312 0.123438
1 0.166406 0.389062 0.067187 0.115625
1 0.239844 0.389062 0.067187 0.115625
1 0.313281 0.389062 0.067187 0.115625
0 0.386719 0.389062 0.067187 0.115625
1 0.460156 0.389062 0.067187 0.115625
0 0.533594 0.389062 0.067187 0.115625
1 0.607031 0.389062 0.067187 0.115625
0 0.680469 0.389062 0.067187 0.115625
1 0.753906 0.389062 0.067187 0.115625
1 0.827344 0.389062 0.067187 0.115625