1 0.113281 0.144531 0.101562 0.175781
1 0.222656 0.144531 0.101562 0.175781
0 0.332031 0.144531 0.101562 0.175781
1 0.441406 0.144531 0.101562 0.175781
1 0.550781 0.144531 0.101562 0.175781
1 0.660156 0.144531 0.101562 0.175781
1 0.769531 0.144531 0.101562 0.175781
1 0.878906 0.144531 0.101562 0.175781
0 0.215820 0.471680 0.072266 0.177734
1 0.295898 0.471680 0.072266 0.177734
1 0.375977 0.471680 0.072266 0.177734
0 0.456055 0.471680 0.072266 0.177734
0 0.536133 0.471680 0.072266 0.177734
0 0.616211 0.471680 0.072266 0.177734
1 0.696289 0.471680 0.072266 0.177734
1 0.776367 0.471680 0.072266 0.177734
0 0.149414 0.786133 0.107422 0.150391
1 0.264648 0.786133 0.107422 0.150391
0 0.379883 0.786133 0.107422 0.150391
1 0.495117 0.786133 0.107422 0.150391
1 0.610352 0.786133 0.107422 0.150391
1 0.725586 0.786133 0.107422 0.150391
0 0.840820 0.786133 0.107422 0.150391