1 0.160156 0.111328 0.160156 0.062500
1 0.328125 0.111328 0.160156 0.062500
1 0.496094 0.111328 0.160156 0.062500
1 0.664062 0.111328 0.160156 0.062500
0 0.832031 0.111328 0.160156 0.062500
1 0.208984 0.336914 0.183594 0.068359
1 0.400391 0.336914 0.183594 0.068359
0 0.591797 0.336914 0.183594 0.068359
1 0.783203 0.336914 0.183594 0.068359
1 0.202148 0.570312 0.138672 0.078125
1 0.348633 0.570312 0.138672 0.078125
1 0.495117 0.570312 0.138672 0.078125
1 0.641602 0.570312 0.138672 0.078125
1 0.788086 0.570312 0.138672 0.078125