1 0.345833 0.156250 0.091667 0.154167
0 0.445833 0.156250 0.091667 0.154167
1 0.545833 0.156250 0.091667 0.154167
0 0.645833 0.156250 0.091667 0.154167
0 0.364583 0.458333 0.079167 0.179167
0 0.452083 0.458333 0.079167 0.179167
1 0.539583 0.458333 0.079167 0.179167
1 0.627083 0.458333 0.079167 0.179167
0 0.153125 0.778125 0.077083 0.189583
1 0.238542 0.778125 0.077083 0.189583
1 0.323958 0.778125 0.077083 0.189583
1 0.409375 0.778125 0.077083 0.189583
0 0.494792 0.778125 0.077083 0.189583
0 0.580208 0.778125 0.077083 0.189583
0 0.665625 0.778125 0.077083 0.189583
1 0.751042 0.778125 0.077083 0.189583
1 0.836458 0.778125 0.077083 0.189583