1 0.107639 0.102431 0.104167 0.135417
1 0.218750 0.102431 0.104167 0.135417
1 0.329861 0.102431 0.104167 0.135417
1 0.440972 0.102431 0.104167 0.135417
0 0.552083 0.102431 0.104167 0.135417
0 0.663194 0.102431 0.104167 0.135417
0 0.774306 0.102431 0.104167 0.135417
1 0.885417 0.102431 0.104167 0.135417
1 0.217014 0.381076 0.072917 0.154514
0 0.296875 0.381076 0.072917 0.154514
1 0.376736 0.381076 0.072917 0.154514
1 0.456597 0.381076 0.072917 0.154514
0 0.536458 0.381076 0.072917 0.154514
1 0.616319 0.381076 0.072917 0.154514
1 0.696181 0.381076 0.072917 0.154514
0 0.776042 0.381076 0.072917 0.154514
1 0.144097 0.668403 0.093750 0.152778
0 0.244792 0.668403 0.093750 0.152778
1 0.345486 0.668403 0.093750 0.152778
0 0.446181 0.668403 0.093750 0.152778
0 0.546875 0.668403 0.093750 0.152778
1 0.647569 0.668403 0.093750 0.152778
1 0.748264 0.668403 0.093750 0.152778
1 0.848958 0.668403 0.093750 0.152778