1 0.164062 0.125000 0.125000 0.156250
1 0.296875 0.125000 0.125000 0.156250
1 0.429688 0.125000 0.125000 0.156250
1 0.562500 0.125000 0.125000 0.156250
1 0.695312 0.125000 0.125000 0.156250
1 0.828125 0.125000 0.125000 0.156250
0 0.337891 0.399414 0.097656 0.146484
1 0.443359 0.399414 0.097656 0.146484
0 0.548828 0.399414 0.097656 0.146484
1 0.654297 0.399414 0.097656 0.146484
1 0.164062 0.673828 0.125000 0.156250
0 0.296875 0.673828 0.125000 0.156250
1 0.429688 0.673828 0.125000 0.156250
1 0.562500 0.673828 0.125000 0.156250
0 0.695312 0.673828 0.125000 0.156250
0 0.828125 0.673828 0.125000 0.156250