1 0.167969 0.092773 0.156250 0.068359
0 0.332031 0.092773 0.156250 0.068359
0 0.496094 0.092773 0.156250 0.068359
0 0.660156 0.092773 0.156250 0.068359
0 0.824219 0.092773 0.156250 0.068359
1 0.178711 0.277344 0.150391 0.058594
1 0.336914 0.277344 0.150391 0.058594
1 0.495117 0.277344 0.150391 0.058594
1 0.653320 0.277344 0.150391 0.058594
0 0.811523 0.277344 0.150391 0.058594
0 0.144531 0.465820 0.167969 0.076172
1 0.320312 0.465820 0.167969 0.076172
0 0.496094 0.465820 0.167969 0.076172
0 0.671875 0.465820 0.167969 0.076172
1 0.847656 0.465820 0.167969 0.076172
1 0.203125 0.666016 0.187500 0.082031
1 0.398438 0.666016 0.187500 0.082031
1 0.593750 0.666016 0.187500 0.082031
0 0.789062 0.666016 0.187500 0.082031