1 0.196875 0.071875 0.143750 0.059375
1 0.346875 0.071875 0.143750 0.059375
1 0.496875 0.071875 0.143750 0.059375
0 0.646875 0.071875 0.143750 0.059375
0 0.796875 0.071875 0.143750 0.059375
1 0.157031 0.266406 0.129688 0.070312
1 0.292969 0.266406 0.129688 0.070312
1 0.428906 0.266406 0.129688 0.070312
1 0.564844 0.266406 0.129688 0.070312
1 0.700781 0.266406 0.129688 0.070312
1 0.836719 0.266406 0.129688 0.070312
1 0.184375 0.464844 0.150000 0.067187
1 0.340625 0.464844 0.150000 0.067187
0 0.496875 0.464844 0.150000 0.067187
1 0.653125 0.464844 0.150000 0.067187
0 0.809375 0.464844 0.150000 0.067187