1 0.198785 0.165799 0.092014 0.161458
1 0.297743 0.165799 0.092014 0.161458
0 0.396701 0.165799 0.092014 0.161458
1 0.495660 0.165799 0.092014 0.161458
1 0.594618 0.165799 0.092014 0.161458
0 0.693576 0.165799 0.092014 0.161458
1 0.792535 0.165799 0.092014 0.161458
1 0.315972 0.480035 0.083333 0.144097
0 0.406250 0.480035 0.083333 0.144097
0 0.496528 0.480035 0.083333 0.144097
1 0.586806 0.480035 0.083333 0.144097
1 0.677083 0.480035 0.083333 0.144097
1 0.219618 0.793403 0.085069 0.159722
0 0.311632 0.793403 0.085069 0.159722
0 0.403646 0.793403 0.085069 0.159722
1 0.495660 0.793403 0.085069 0.159722
0 0.587674 0.793403 0.085069 0.159722
0 0.679688 0.793403 0.085069 0.159722
1 0.771701 0.793403 0.085069 0.159722