1 0.187500 0.136719 0.062500 0.132812
1 0.256250 0.136719 0.062500 0.132812
1 0.325000 0.136719 0.062500 0.132812
1 0.393750 0.136719 0.062500 0.132812
1 0.462500 0.136719 0.062500 0.132812
0 0.531250 0.136719 0.062500 0.132812
0 0.600000 0.136719 0.062500 0.132812
1 0.668750 0.136719 0.062500 0.132812
1 0.737500 0.136719 0.062500 0.132812
1 0.806250 0.136719 0.062500 0.132812
0 0.389062 0.371094 0.065625 0.139063
1 0.460938 0.371094 0.065625 0.139063
1 0.532813 0.371094 0.065625 0.139063
0 0.604688 0.371094 0.065625 0.139063
1 0.221875 0.606250 0.062500 0.134375
1 0.290625 0.606250 0.062500 0.134375
1 0.359375 0.606250 0.062500 0.134375
0 0.428125 0.606250 0.062500 0.134375
1 0.496875 0.606250 0.062500 0.134375
1 0.565625 0.606250 0.062500 0.134375
1 0.634375 0.606250 0.062500 0.134375
0 0.703125 0.606250 0.062500 0.134375
1 0.771875 0.606250 0.062500 0.134375
1 0.157812 0.835938 0.090625 0.128125
0 0.254688 0.835938 0.090625 0.128125
1 0.351562 0.835938 0.090625 0.128125
1 0.448437 0.835938 0.090625 0.128125
1 0.545312 0.835938 0.090625 0.128125
1 0.642188 0.835938 0.090625 0.128125
1 0.739062 0.835938 0.090625 0.128125
1 0.835938 0.835938 0.090625 0.128125