1 0.163194 0.118924 0.104167 0.123264
0 0.274306 0.118924 0.104167 0.123264
0 0.385417 0.118924 0.104167 0.123264
1 0.496528 0.118924 0.104167 0.123264
0 0.607639 0.118924 0.104167 0.123264
1 0.718750 0.118924 0.104167 0.123264
1 0.829861 0.118924 0.104167 0.123264
0 0.131944 0.361111 0.097222 0.131944
0 0.236111 0.361111 0.097222 0.131944
0 0.340278 0.361111 0.097222 0.131944
0 0.444444 0.361111 0.097222 0.131944
1 0.548611 0.361111 0.097222 0.131944
1 0.652778 0.361111 0.097222 0.131944
0 0.756944 0.361111 0.097222 0.131944
1 0.861111 0.361111 0.097222 0.131944
0 0.387153 0.621528 0.065972 0.159722
0 0.460069 0.621528 0.065972 0.159722
1 0.532986 0.621528 0.065972 0.159722
0 0.605903 0.621528 0.065972 0.159722