1 0.339844 0.090625 0.098437 0.118750
0 0.444531 0.090625 0.098437 0.118750
0 0.549219 0.090625 0.098437 0.118750
0 0.653906 0.090625 0.098437 0.118750
1 0.187500 0.348438 0.062500 0.153125
0 0.256250 0.348438 0.062500 0.153125
1 0.325000 0.348438 0.062500 0.153125
0 0.393750 0.348438 0.062500 0.153125
1 0.462500 0.348438 0.062500 0.153125
1 0.531250 0.348438 0.062500 0.153125
0 0.600000 0.348438 0.062500 0.153125
1 0.668750 0.348438 0.062500 0.153125
1 0.737500 0.348438 0.062500 0.153125
0 0.806250 0.348438 0.062500 0.153125
1 0.185156 0.603906 0.082812 0.114062
1 0.274219 0.603906 0.082812 0.114062
0 0.363281 0.603906 0.082812 0.114062
1 0.452344 0.603906 0.082812 0.114062
0 0.541406 0.603906 0.082812 0.114062
1 0.630469 0.603906 0.082812 0.114062
0 0.719531 0.603906 0.082812 0.114062
0 0.808594 0.603906 0.082812 0.114062
1 0.389062 0.849219 0.065625 0.132812
1 0.460938 0.849219 0.065625 0.132812
0 0.532813 0.849219 0.065625 0.132812
1 0.604688 0.849219 0.065625 0.132812