1 0.143555 0.181641 0.080078 0.179688
0 0.231445 0.181641 0.080078 0.179688
1 0.319336 0.181641 0.080078 0.179688
1 0.407227 0.181641 0.080078 0.179688
0 0.495117 0.181641 0.080078 0.179688
1 0.583008 0.181641 0.080078 0.179688
1 0.670898 0.181641 0.080078 0.179688
0 0.758789 0.181641 0.080078 0.179688
1 0.846680 0.181641 0.080078 0.179688
0 0.143555 0.481445 0.080078 0.166016
0 0.231445 0.481445 0.080078 0.166016
0 0.319336 0.481445 0.080078 0.166016
1 0.407227 0.481445 0.080078 0.166016
1 0.495117 0.481445 0.080078 0.166016
0 0.583008 0.481445 0.080078 0.166016
0 0.670898 0.481445 0.080078 0.166016
1 0.758789 0.481445 0.080078 0.166016
0 0.846680 0.481445 0.080078 0.166016
1 0.161133 0.756836 0.103516 0.130859
1 0.272461 0.756836 0.103516 0.130859
0 0.383789 0.756836 0.103516 0.130859
0 0.495117 0.756836 0.103516 0.130859
0 0.606445 0.756836 0.103516 0.130859
1 0.717773 0.756836 0.103516 0.130859
1 0.829102 0.756836 0.103516 0.130859