1 0.178711 0.131836 0.150391 0.083984
1 0.336914 0.131836 0.150391 0.083984
0 0.495117 0.131836 0.150391 0.083984
0 0.653320 0.131836 0.150391 0.083984
1 0.811523 0.131836 0.150391 0.083984
1 0.170898 0.343750 0.154297 0.085938
0 0.333008 0.343750 0.154297 0.085938
1 0.495117 0.343750 0.154297 0.085938
0 0.657227 0.343750 0.154297 0.085938
1 0.819336 0.343750 0.154297 0.085938
1 0.194336 0.556641 0.193359 0.085938
1 0.395508 0.556641 0.193359 0.085938
1 0.596680 0.556641 0.193359 0.085938
0 0.797852 0.556641 0.193359 0.085938