1 0.173437 0.093750 0.065625 0.125000
1 0.245312 0.093750 0.065625 0.125000
1 0.317188 0.093750 0.065625 0.125000
0 0.389062 0.093750 0.065625 0.125000
1 0.460938 0.093750 0.065625 0.125000
1 0.532813 0.093750 0.065625 0.125000
0 0.604688 0.093750 0.065625 0.125000
1 0.676562 0.093750 0.065625 0.125000
1 0.748437 0.093750 0.065625 0.125000
0 0.820312 0.093750 0.065625 0.125000
0 0.353125 0.364844 0.065625 0.110937
1 0.425000 0.364844 0.065625 0.110937
1 0.496875 0.364844 0.065625 0.110937
1 0.568750 0.364844 0.065625 0.110937
0 0.640625 0.364844 0.065625 0.110937
0 0.209375 0.636719 0.065625 0.126562
0 0.281250 0.636719 0.065625 0.126562
1 0.353125 0.636719 0.065625 0.126562
1 0.425000 0.636719 0.065625 0.126562
0 0.496875 0.636719 0.065625 0.126562
1 0.568750 0.636719 0.065625 0.126562
0 0.640625 0.636719 0.065625 0.126562
0 0.712500 0.636719 0.065625 0.126562
1 0.784375 0.636719 0.065625 0.126562