1 0.181641 0.146484 0.082031 0.136719
1 0.271484 0.146484 0.082031 0.136719
1 0.361328 0.146484 0.082031 0.136719
1 0.451172 0.146484 0.082031 0.136719
0 0.541016 0.146484 0.082031 0.136719
1 0.630859 0.146484 0.082031 0.136719
0 0.720703 0.146484 0.082031 0.136719
1 0.810547 0.146484 0.082031 0.136719
1 0.183594 0.500977 0.117188 0.189453
1 0.308594 0.500977 0.117188 0.189453
1 0.433594 0.500977 0.117188 0.189453
0 0.558594 0.500977 0.117188 0.189453
1 0.683594 0.500977 0.117188 0.189453
0 0.808594 0.500977 0.117188 0.189453