1 0.164844 0.084375 0.126562 0.046875
1 0.297656 0.084375 0.126562 0.046875
1 0.430469 0.084375 0.126562 0.046875
0 0.563281 0.084375 0.126562 0.046875
1 0.696094 0.084375 0.126562 0.046875
1 0.828906 0.084375 0.126562 0.046875
0 0.121875 0.252344 0.118750 0.048438
1 0.246875 0.252344 0.118750 0.048438
1 0.371875 0.252344 0.118750 0.048438
1 0.496875 0.252344 0.118750 0.048438
1 0.621875 0.252344 0.118750 0.048438
1 0.746875 0.252344 0.118750 0.048438
1 0.871875 0.252344 0.118750 0.048438
0 0.180469 0.431250 0.151562 0.068750
1 0.338281 0.431250 0.151562 0.068750
0 0.496094 0.431250 0.151562 0.068750
0 0.653906 0.431250 0.151562 0.068750
1 0.811719 0.431250 0.151562 0.068750
1 0.153125 0.616406 0.131250 0.060937
1 0.290625 0.616406 0.131250 0.060937
1 0.428125 0.616406 0.131250 0.060937
0 0.565625 0.616406 0.131250 0.060937
0 0.703125 0.616406 0.131250 0.060937
1 0.840625 0.616406 0.131250 0.060937
1 0.172656 0.802344 0.123438 0.070312
0 0.302344 0.802344 0.123438 0.070312
1 0.432031 0.802344 0.123438 0.070312
1 0.561719 0.802344 0.123438 0.070312
1 0.691406 0.802344 0.123438 0.070312
1 0.821094 0.802344 0.123438 0.070312