1 0.171875 0.152344 0.075000 0.154688
1 0.253125 0.152344 0.075000 0.154688
0 0.334375 0.152344 0.075000 0.154688
1 0.415625 0.152344 0.075000 0.154688
1 0.496875 0.152344 0.075000 0.154688
0 0.578125 0.152344 0.075000 0.154688
0 0.659375 0.152344 0.075000 0.154688
0 0.740625 0.152344 0.075000 0.154688
0 0.821875 0.152344 0.075000 0.154688
1 0.360938 0.406250 0.084375 0.109375
1 0.451562 0.406250 0.084375 0.109375
1 0.542188 0.406250 0.084375 0.109375
0 0.632812 0.406250 0.084375 0.109375
1 0.297656 0.635938 0.073438 0.106250
1 0.377344 0.635938 0.073438 0.106250
1 0.457031 0.635938 0.073438 0.106250
1 0.536719 0.635938 0.073438 0.106250
1 0.616406 0.635938 0.073438 0.106250
1 0.696094 0.635938 0.073438 0.106250