0 0.114258 0.141602 0.068359 0.150391
1 0.190430 0.141602 0.068359 0.150391
1 0.266602 0.141602 0.068359 0.150391
1 0.342773 0.141602 0.068359 0.150391
1 0.418945 0.141602 0.068359 0.150391
1 0.495117 0.141602 0.068359 0.150391
0 0.571289 0.141602 0.068359 0.150391
1 0.647461 0.141602 0.068359 0.150391
0 0.723633 0.141602 0.068359 0.150391
0 0.799805 0.141602 0.068359 0.150391
1 0.875977 0.141602 0.068359 0.150391
0 0.167969 0.468750 0.101562 0.179688
1 0.277344 0.468750 0.101562 0.179688
0 0.386719 0.468750 0.101562 0.179688
0 0.496094 0.468750 0.101562 0.179688
1 0.605469 0.468750 0.101562 0.179688
1 0.714844 0.468750 0.101562 0.179688
1 0.824219 0.468750 0.101562 0.179688
1 0.190430 0.791016 0.068359 0.140625
1 0.266602 0.791016 0.068359 0.140625
1 0.342773 0.791016 0.068359 0.140625
0 0.418945 0.791016 0.068359 0.140625
0 0.495117 0.791016 0.068359 0.140625
1 0.571289 0.791016 0.068359 0.140625
1 0.647461 0.791016 0.068359 0.140625
0 0.723633 0.791016 0.068359 0.140625
1 0.799805 0.791016 0.068359 0.140625