0 0.335156 0.122656 0.101562 0.126562
1 0.442969 0.122656 0.101562 0.126562
1 0.550781 0.122656 0.101562 0.126562
1 0.658594 0.122656 0.101562 0.126562
1 0.234375 0.369531 0.068750 0.110937
1 0.309375 0.369531 0.068750 0.110937
1 0.384375 0.369531 0.068750 0.110937
0 0.459375 0.369531 0.068750 0.110937
0 0.534375 0.369531 0.068750 0.110937
1 0.609375 0.369531 0.068750 0.110937
0 0.684375 0.369531 0.068750 0.110937
1 0.759375 0.369531 0.068750 0.110937
0 0.391406 0.610938 0.064062 0.115625
0 0.461719 0.610938 0.064062 0.115625
1 0.532031 0.610938 0.064062 0.115625
0 0.602344 0.610938 0.064062 0.115625