1 0.319336 0.141602 0.080078 0.193359
1 0.407227 0.141602 0.080078 0.193359
1 0.495117 0.141602 0.080078 0.193359
0 0.583008 0.141602 0.080078 0.193359
1 0.670898 0.141602 0.080078 0.193359
0 0.305664 0.459961 0.119141 0.193359
1 0.432617 0.459961 0.119141 0.193359
1 0.559570 0.459961 0.119141 0.193359
0 0.686523 0.459961 0.119141 0.193359
1 0.105469 0.759766 0.089844 0.156250
1 0.203125 0.759766 0.089844 0.156250
1 0.300781 0.759766 0.089844 0.156250
1 0.398438 0.759766 0.089844 0.156250
0 0.496094 0.759766 0.089844 0.156250
0 0.593750 0.759766 0.089844 0.156250
1 0.691406 0.759766 0.089844 0.156250
0 0.789062 0.759766 0.089844 0.156250
0 0.886719 0.759766 0.089844 0.156250