0 0.305664 0.130859 0.068359 0.164062
0 0.381836 0.130859 0.068359 0.164062
1 0.458008 0.130859 0.068359 0.164062
1 0.534180 0.130859 0.068359 0.164062
0 0.610352 0.130859 0.068359 0.164062
0 0.686523 0.130859 0.068359 0.164062
1 0.140625 0.456055 0.093750 0.177734
0 0.242188 0.456055 0.093750 0.177734
1 0.343750 0.456055 0.093750 0.177734
1 0.445312 0.456055 0.093750 0.177734
1 0.546875 0.456055 0.093750 0.177734
1 0.648438 0.456055 0.093750 0.177734
1 0.750000 0.456055 0.093750 0.177734
1 0.851562 0.456055 0.093750 0.177734
1 0.118164 0.775391 0.076172 0.152344
1 0.202148 0.775391 0.076172 0.152344
1 0.286133 0.775391 0.076172 0.152344
1 0.370117 0.775391 0.076172 0.152344
0 0.454102 0.775391 0.076172 0.152344
1 0.538086 0.775391 0.076172 0.152344
1 0.622070 0.775391 0.076172 0.152344
1 0.706055 0.775391 0.076172 0.152344
0 0.790039 0.775391 0.076172 0.152344
0 0.874023 0.775391 0.076172 0.152344