1 0.236111 0.099826 0.079861 0.126736
1 0.322917 0.099826 0.079861 0.126736
0 0.409722 0.099826 0.079861 0.126736
1 0.496528 0.099826 0.079861 0.126736
1 0.583333 0.099826 0.079861 0.126736
1 0.670139 0.099826 0.079861 0.126736
1 0.756944 0.099826 0.079861 0.126736
1 0.114583 0.340278 0.069444 0.142361
0 0.190972 0.340278 0.069444 0.142361
1 0.267361 0.340278 0.069444 0.142361
0 0.343750 0.340278 0.069444 0.142361
1 0.420139 0.340278 0.069444 0.142361
1 0.496528 0.340278 0.069444 0.142361
0 0.572917 0.340278 0.069444 0.142361
0 0.649306 0.340278 0.069444 0.142361
1 0.725694 0.340278 0.069444 0.142361
1 0.802083 0.340278 0.069444 0.142361
1 0.878472 0.340278 0.069444 0.142361
1 0.381944 0.587674 0.069444 0.140625
1 0.458333 0.587674 0.069444 0.140625
1 0.534722 0.587674 0.069444 0.140625
1 0.611111 0.587674 0.069444 0.140625
0 0.350694 0.828125 0.090278 0.128472
0 0.447917 0.828125 0.090278 0.128472
1 0.545139 0.828125 0.090278 0.128472
0 0.642361 0.828125 0.090278 0.128472