1 0.113715 0.129340 0.102431 0.157986
0 0.223090 0.129340 0.102431 0.157986
1 0.332465 0.129340 0.102431 0.157986
1 0.441840 0.129340 0.102431 0.157986
1 0.551215 0.129340 0.102431 0.157986
1 0.660590 0.129340 0.102431 0.157986
0 0.769965 0.129340 0.102431 0.157986
0 0.879340 0.129340 0.102431 0.157986
0 0.309028 0.401910 0.086806 0.123264
1 0.402778 0.401910 0.086806 0.123264
0 0.496528 0.401910 0.086806 0.123264
1 0.590278 0.401910 0.086806 0.123264
1 0.684028 0.401910 0.086806 0.123264
0 0.236111 0.678819 0.097222 0.166667
0 0.340278 0.678819 0.097222 0.166667
0 0.444444 0.678819 0.097222 0.166667
1 0.548611 0.678819 0.097222 0.166667
1 0.652778 0.678819 0.097222 0.166667
1 0.756944 0.678819 0.097222 0.166667