1 0.164062 0.141602 0.125000 0.154297
1 0.296875 0.141602 0.125000 0.154297
0 0.429688 0.141602 0.125000 0.154297
1 0.562500 0.141602 0.125000 0.154297
1 0.695312 0.141602 0.125000 0.154297
0 0.828125 0.141602 0.125000 0.154297
1 0.217773 0.442383 0.103516 0.169922
0 0.329102 0.442383 0.103516 0.169922
1 0.440430 0.442383 0.103516 0.169922
1 0.551758 0.442383 0.103516 0.169922
1 0.663086 0.442383 0.103516 0.169922
1 0.774414 0.442383 0.103516 0.169922
0 0.132812 0.741211 0.113281 0.150391
0 0.253906 0.741211 0.113281 0.150391
1 0.375000 0.741211 0.113281 0.150391
1 0.496094 0.741211 0.113281 0.150391
1 0.617188 0.741211 0.113281 0.150391
1 0.738281 0.741211 0.113281 0.150391
1 0.859375 0.741211 0.113281 0.150391