0 0.209375 0.103906 0.065625 0.142187
1 0.281250 0.103906 0.065625 0.142187
1 0.353125 0.103906 0.065625 0.142187
0 0.425000 0.103906 0.065625 0.142187
1 0.496875 0.103906 0.065625 0.142187
1 0.568750 0.103906 0.065625 0.142187
1 0.640625 0.103906 0.065625 0.142187
0 0.712500 0.103906 0.065625 0.142187
1 0.784375 0.103906 0.065625 0.142187
1 0.346875 0.382812 0.093750 0.150000
1 0.446875 0.382812 0.093750 0.150000
0 0.546875 0.382812 0.093750 0.150000
1 0.646875 0.382812 0.093750 0.150000
1 0.084375 0.645312 0.096875 0.109375
1 0.187500 0.645312 0.096875 0.109375
1 0.290625 0.645312 0.096875 0.109375
1 0.393750 0.645312 0.096875 0.109375
1 0.496875 0.645312 0.096875 0.109375
1 0.600000 0.645312 0.096875 0.109375
1 0.703125 0.645312 0.096875 0.109375
1 0.806250 0.645312 0.096875 0.109375
1 0.909375 0.645312 0.096875 0.109375