0 0.133333 0.117708 0.112500 0.139583
0 0.254167 0.117708 0.112500 0.139583
1 0.375000 0.117708 0.112500 0.139583
1 0.495833 0.117708 0.112500 0.139583
0 0.616667 0.117708 0.112500 0.139583
0 0.737500 0.117708 0.112500 0.139583
0 0.858333 0.117708 0.112500 0.139583
0 0.245833 0.473958 0.091667 0.168750
0 0.345833 0.473958 0.091667 0.168750
0 0.445833 0.473958 0.091667 0.168750
0 0.545833 0.473958 0.091667 0.168750
0 0.645833 0.473958 0.091667 0.168750
1 0.745833 0.473958 0.091667 0.168750
0 0.092708 0.835417 0.081250 0.150000
0 0.182292 0.835417 0.081250 0.150000
0 0.271875 0.835417 0.081250 0.150000
1 0.361458 0.835417 0.081250 0.150000
0 0.451042 0.835417 0.081250 0.150000
1 0.540625 0.835417 0.081250 0.150000
0 0.630208 0.835417 0.081250 0.150000
1 0.719792 0.835417 0.081250 0.150000
1 0.809375 0.835417 0.081250 0.150000
0 0.898958 0.835417 0.081250 0.150000