1 0.179688 0.138672 0.097656 0.175781
0 0.285156 0.138672 0.097656 0.175781
0 0.390625 0.138672 0.097656 0.175781
1 0.496094 0.138672 0.097656 0.175781
0 0.601562 0.138672 0.097656 0.175781
0 0.707031 0.138672 0.097656 0.175781
1 0.812500 0.138672 0.097656 0.175781
1 0.364258 0.467773 0.080078 0.166016
0 0.452148 0.467773 0.080078 0.166016
1 0.540039 0.467773 0.080078 0.166016
0 0.627930 0.467773 0.080078 0.166016
1 0.127930 0.800781 0.083984 0.183594
1 0.219727 0.800781 0.083984 0.183594
1 0.311523 0.800781 0.083984 0.183594
1 0.403320 0.800781 0.083984 0.183594
1 0.495117 0.800781 0.083984 0.183594
1 0.586914 0.800781 0.083984 0.183594
1 0.678711 0.800781 0.083984 0.183594
1 0.770508 0.800781 0.083984 0.183594
1 0.862305 0.800781 0.083984 0.183594