1 0.203125 0.166016 0.109375 0.164062
0 0.320312 0.166016 0.109375 0.164062
1 0.437500 0.166016 0.109375 0.164062
0 0.554688 0.166016 0.109375 0.164062
1 0.671875 0.166016 0.109375 0.164062
1 0.789062 0.166016 0.109375 0.164062
1 0.127930 0.490234 0.083984 0.160156
1 0.219727 0.490234 0.083984 0.160156
1 0.311523 0.490234 0.083984 0.160156
1 0.403320 0.490234 0.083984 0.160156
1 0.495117 0.490234 0.083984 0.160156
1 0.586914 0.490234 0.083984 0.160156
0 0.678711 0.490234 0.083984 0.160156
1 0.770508 0.490234 0.083984 0.160156
1 0.862305 0.490234 0.083984 0.160156