1 0.097222 0.101562 0.072917 0.116319
1 0.177083 0.101562 0.072917 0.116319
1 0.256944 0.101562 0.072917 0.116319
0 0.336806 0.101562 0.072917 0.116319
1 0.416667 0.101562 0.072917 0.116319
0 0.496528 0.101562 0.072917 0.116319
1 0.576389 0.101562 0.072917 0.116319
1 0.656250 0.101562 0.072917 0.116319
1 0.736111 0.101562 0.072917 0.116319
1 0.815972 0.101562 0.072917 0.116319
0 0.895833 0.101562 0.072917 0.116319
1 0.360243 0.348958 0.060764 0.138889
0 0.427951 0.348958 0.060764 0.138889
1 0.495660 0.348958 0.060764 0.138889
0 0.563368 0.348958 0.060764 0.138889
1 0.631076 0.348958 0.060764 0.138889
1 0.363715 0.606771 0.081597 0.137153
1 0.452257 0.606771 0.081597 0.137153
1 0.540799 0.606771 0.081597 0.137153
1 0.629340 0.606771 0.081597 0.137153
0 0.225694 0.871528 0.083333 0.152778
1 0.315972 0.871528 0.083333 0.152778
0 0.406250 0.871528 0.083333 0.152778
1 0.496528 0.871528 0.083333 0.152778
0 0.586806 0.871528 0.083333 0.152778
1 0.677083 0.871528 0.083333 0.152778
1 0.767361 0.871528 0.083333 0.152778