1 0.114583 0.112847 0.069444 0.118056
1 0.190972 0.112847 0.069444 0.118056
1 0.267361 0.112847 0.069444 0.118056
0 0.343750 0.112847 0.069444 0.118056
0 0.420139 0.112847 0.069444 0.118056
0 0.496528 0.112847 0.069444 0.118056
1 0.572917 0.112847 0.069444 0.118056
1 0.649306 0.112847 0.069444 0.118056
1 0.725694 0.112847 0.069444 0.118056
1 0.802083 0.112847 0.069444 0.118056
1 0.878472 0.112847 0.069444 0.118056
0 0.389757 0.396701 0.064236 0.147569
0 0.460938 0.396701 0.064236 0.147569
1 0.532118 0.396701 0.064236 0.147569
0 0.603299 0.396701 0.064236 0.147569
0 0.322917 0.679688 0.062500 0.116319
0 0.392361 0.679688 0.062500 0.116319
1 0.461806 0.679688 0.062500 0.116319
0 0.531250 0.679688 0.062500 0.116319
1 0.600694 0.679688 0.062500 0.116319
1 0.670139 0.679688 0.062500 0.116319