1 0.145833 0.159375 0.108333 0.160417
1 0.262500 0.159375 0.108333 0.160417
1 0.379167 0.159375 0.108333 0.160417
1 0.495833 0.159375 0.108333 0.160417
1 0.612500 0.159375 0.108333 0.160417
1 0.729167 0.159375 0.108333 0.160417
0 0.845833 0.159375 0.108333 0.160417
1 0.153125 0.487500 0.089583 0.158333
1 0.251042 0.487500 0.089583 0.158333
0 0.348958 0.487500 0.089583 0.158333
0 0.446875 0.487500 0.089583 0.158333
0 0.544792 0.487500 0.089583 0.158333
0 0.642708 0.487500 0.089583 0.158333
1 0.740625 0.487500 0.089583 0.158333
0 0.838542 0.487500 0.089583 0.158333