1 0.190972 0.097222 0.145833 0.069444
1 0.343750 0.097222 0.145833 0.069444
1 0.496528 0.097222 0.145833 0.069444
1 0.649306 0.097222 0.145833 0.069444
1 0.802083 0.097222 0.145833 0.069444
1 0.151910 0.306424 0.164931 0.067708
1 0.323785 0.306424 0.164931 0.067708
1 0.495660 0.306424 0.164931 0.067708
1 0.667535 0.306424 0.164931 0.067708
1 0.839410 0.306424 0.164931 0.067708
1 0.131944 0.513021 0.138889 0.064236
1 0.277778 0.513021 0.138889 0.064236
1 0.423611 0.513021 0.138889 0.064236
1 0.569444 0.513021 0.138889 0.064236
1 0.715278 0.513021 0.138889 0.064236
1 0.861111 0.513021 0.138889 0.064236
1 0.193576 0.723958 0.144097 0.076389
1 0.344618 0.723958 0.144097 0.076389
1 0.495660 0.723958 0.144097 0.076389
1 0.646701 0.723958 0.144097 0.076389
0 0.797743 0.723958 0.144097 0.076389