1 0.253472 0.117188 0.062500 0.116319
1 0.322917 0.117188 0.062500 0.116319
1 0.392361 0.117188 0.062500 0.116319
0 0.461806 0.117188 0.062500 0.116319
1 0.531250 0.117188 0.062500 0.116319
0 0.600694 0.117188 0.062500 0.116319
1 0.670139 0.117188 0.062500 0.116319
0 0.739583 0.117188 0.062500 0.116319
1 0.236111 0.404514 0.079861 0.170139
1 0.322917 0.404514 0.079861 0.170139
1 0.409722 0.404514 0.079861 0.170139
1 0.496528 0.404514 0.079861 0.170139
1 0.583333 0.404514 0.079861 0.170139
1 0.670139 0.404514 0.079861 0.170139
1 0.756944 0.404514 0.079861 0.170139
1 0.215278 0.700521 0.086806 0.133681
1 0.309028 0.700521 0.086806 0.133681
0 0.402778 0.700521 0.086806 0.133681
1 0.496528 0.700521 0.086806 0.133681
0 0.590278 0.700521 0.086806 0.133681
1 0.684028 0.700521 0.086806 0.133681
0 0.777778 0.700521 0.086806 0.133681