1 0.133789 0.122070 0.095703 0.142578
1 0.237305 0.122070 0.095703 0.142578
1 0.340820 0.122070 0.095703 0.142578
1 0.444336 0.122070 0.095703 0.142578
1 0.547852 0.122070 0.095703 0.142578
0 0.651367 0.122070 0.095703 0.142578
0 0.754883 0.122070 0.095703 0.142578
0 0.858398 0.122070 0.095703 0.142578
0 0.132812 0.453125 0.113281 0.187500
1 0.253906 0.453125 0.113281 0.187500
1 0.375000 0.453125 0.113281 0.187500
0 0.496094 0.453125 0.113281 0.187500
0 0.617188 0.453125 0.113281 0.187500
1 0.738281 0.453125 0.113281 0.187500
1 0.859375 0.453125 0.113281 0.187500
0 0.126953 0.789062 0.097656 0.152344
1 0.232422 0.789062 0.097656 0.152344
1 0.337891 0.789062 0.097656 0.152344
1 0.443359 0.789062 0.097656 0.152344
1 0.548828 0.789062 0.097656 0.152344
1 0.654297 0.789062 0.097656 0.152344
1 0.759766 0.789062 0.097656 0.152344
1 0.865234 0.789062 0.097656 0.152344