1 0.203125 0.084375 0.140625 0.059375
1 0.350000 0.084375 0.140625 0.059375
0 0.496875 0.084375 0.140625 0.059375
1 0.643750 0.084375 0.140625 0.059375
1 0.790625 0.084375 0.140625 0.059375
1 0.125781 0.243750 0.142187 0.065625
1 0.274219 0.243750 0.142187 0.065625
0 0.422656 0.243750 0.142187 0.065625
1 0.571094 0.243750 0.142187 0.065625
1 0.719531 0.243750 0.142187 0.065625
0 0.867969 0.243750 0.142187 0.065625
1 0.180469 0.400781 0.120313 0.054688
1 0.307031 0.400781 0.120313 0.054688
0 0.433594 0.400781 0.120313 0.054688
1 0.560156 0.400781 0.120313 0.054688
1 0.686719 0.400781 0.120313 0.054688
0 0.813281 0.400781 0.120313 0.054688
1 0.192969 0.558594 0.145313 0.067187
1 0.344531 0.558594 0.145313 0.067187
1 0.496094 0.558594 0.145313 0.067187
0 0.647656 0.558594 0.145313 0.067187
1 0.799219 0.558594 0.145313 0.067187