1 0.175781 0.073242 0.152344 0.060547
1 0.335938 0.073242 0.152344 0.060547
1 0.496094 0.073242 0.152344 0.060547
0 0.656250 0.073242 0.152344 0.060547
1 0.816406 0.073242 0.152344 0.060547
1 0.261719 0.277344 0.148438 0.074219
1 0.417969 0.277344 0.148438 0.074219
0 0.574219 0.277344 0.148438 0.074219
0 0.730469 0.277344 0.148438 0.074219
1 0.200195 0.484375 0.189453 0.066406
1 0.397461 0.484375 0.189453 0.066406
0 0.594727 0.484375 0.189453 0.066406
1 0.791992 0.484375 0.189453 0.066406
0 0.129883 0.698242 0.138672 0.087891
1 0.276367 0.698242 0.138672 0.087891
0 0.422852 0.698242 0.138672 0.087891
0 0.569336 0.698242 0.138672 0.087891
0 0.715820 0.698242 0.138672 0.087891
1 0.862305 0.698242 0.138672 0.087891