1 0.141493 0.164062 0.081597 0.157986
1 0.230035 0.164062 0.081597 0.157986
0 0.318576 0.164062 0.081597 0.157986
1 0.407118 0.164062 0.081597 0.157986
1 0.495660 0.164062 0.081597 0.157986
1 0.584201 0.164062 0.081597 0.157986
1 0.672743 0.164062 0.081597 0.157986
1 0.761285 0.164062 0.081597 0.157986
0 0.849826 0.164062 0.081597 0.157986
1 0.194444 0.446181 0.093750 0.125000
1 0.295139 0.446181 0.093750 0.125000
0 0.395833 0.446181 0.093750 0.125000
1 0.496528 0.446181 0.093750 0.125000
0 0.597222 0.446181 0.093750 0.125000
1 0.697917 0.446181 0.093750 0.125000
1 0.798611 0.446181 0.093750 0.125000
1 0.376736 0.714410 0.072917 0.130208
1 0.456597 0.714410 0.072917 0.130208
1 0.536458 0.714410 0.072917 0.130208
1 0.616319 0.714410 0.072917 0.130208