1 0.187500 0.162260 0.144231 0.199519
1 0.341346 0.162260 0.144231 0.199519
1 0.495192 0.162260 0.144231 0.199519
1 0.649038 0.162260 0.144231 0.199519
1 0.802885 0.162260 0.144231 0.199519
0 0.152644 0.498798 0.127404 0.185096
1 0.289663 0.498798 0.127404 0.185096
0 0.426683 0.498798 0.127404 0.185096
0 0.563702 0.498798 0.127404 0.185096
0 0.700721 0.498798 0.127404 0.185096
1 0.837740 0.498798 0.127404 0.185096
0 0.155048 0.819712 0.103365 0.168269
1 0.268029 0.819712 0.103365 0.168269
0 0.381010 0.819712 0.103365 0.168269
0 0.493990 0.819712 0.103365 0.168269
1 0.606971 0.819712 0.103365 0.168269
0 0.719952 0.819712 0.103365 0.168269
0 0.832933 0.819712 0.103365 0.168269