1 0.158654 0.143029 0.086538 0.165865
0 0.254808 0.143029 0.086538 0.165865
1 0.350962 0.143029 0.086538 0.165865
1 0.447115 0.143029 0.086538 0.165865
1 0.543269 0.143029 0.086538 0.165865
1 0.639423 0.143029 0.086538 0.165865
0 0.735577 0.143029 0.086538 0.165865
1 0.831731 0.143029 0.086538 0.165865
1 0.120192 0.478365 0.115385 0.158654
0 0.245192 0.478365 0.115385 0.158654
1 0.370192 0.478365 0.115385 0.158654
1 0.495192 0.478365 0.115385 0.158654
1 0.620192 0.478365 0.115385 0.158654
1 0.745192 0.478365 0.115385 0.158654
0 0.870192 0.478365 0.115385 0.158654
0 0.116587 0.832933 0.098558 0.204327
1 0.224760 0.832933 0.098558 0.204327
1 0.332933 0.832933 0.098558 0.204327
1 0.441106 0.832933 0.098558 0.204327
1 0.549279 0.832933 0.098558 0.204327
0 0.657452 0.832933 0.098558 0.204327
1 0.765625 0.832933 0.098558 0.204327
1 0.873798 0.832933 0.098558 0.204327