1 0.099826 0.129340 0.092014 0.168403
1 0.198785 0.129340 0.092014 0.168403
0 0.297743 0.129340 0.092014 0.168403
1 0.396701 0.129340 0.092014 0.168403
1 0.495660 0.129340 0.092014 0.168403
1 0.594618 0.129340 0.092014 0.168403
1 0.693576 0.129340 0.092014 0.168403
0 0.792535 0.129340 0.092014 0.168403
0 0.891493 0.129340 0.092014 0.168403
0 0.105903 0.453125 0.079861 0.142361
0 0.192708 0.453125 0.079861 0.142361
1 0.279514 0.453125 0.079861 0.142361
1 0.366319 0.453125 0.079861 0.142361
1 0.453125 0.453125 0.079861 0.142361
1 0.539931 0.453125 0.079861 0.142361
1 0.626736 0.453125 0.079861 0.142361
1 0.713542 0.453125 0.079861 0.142361
1 0.800347 0.453125 0.079861 0.142361
1 0.887153 0.453125 0.079861 0.142361
1 0.105903 0.754340 0.079861 0.123264
1 0.192708 0.754340 0.079861 0.123264
0 0.279514 0.754340 0.079861 0.123264
1 0.366319 0.754340 0.079861 0.123264
1 0.453125 0.754340 0.079861 0.123264
1 0.539931 0.754340 0.079861 0.123264
1 0.626736 0.754340 0.079861 0.123264
0 0.713542 0.754340 0.079861 0.123264
1 0.800347 0.754340 0.079861 0.123264
1 0.887153 0.754340 0.079861 0.123264