0 0.281250 0.169922 0.078125 0.191406
0 0.367188 0.169922 0.078125 0.191406
1 0.453125 0.169922 0.078125 0.191406
1 0.539062 0.169922 0.078125 0.191406
0 0.625000 0.169922 0.078125 0.191406
1 0.710938 0.169922 0.078125 0.191406
1 0.127930 0.523438 0.083984 0.152344
1 0.219727 0.523438 0.083984 0.152344
0 0.311523 0.523438 0.083984 0.152344
0 0.403320 0.523438 0.083984 0.152344
1 0.495117 0.523438 0.083984 0.152344
0 0.586914 0.523438 0.083984 0.152344
1 0.678711 0.523438 0.083984 0.152344
0 0.770508 0.523438 0.083984 0.152344
1 0.862305 0.523438 0.083984 0.152344