1 0.332031 0.147461 0.101562 0.150391
0 0.441406 0.147461 0.101562 0.150391
1 0.550781 0.147461 0.101562 0.150391
1 0.660156 0.147461 0.101562 0.150391
1 0.121094 0.477539 0.085938 0.177734
1 0.214844 0.477539 0.085938 0.177734
1 0.308594 0.477539 0.085938 0.177734
1 0.402344 0.477539 0.085938 0.177734
0 0.496094 0.477539 0.085938 0.177734
0 0.589844 0.477539 0.085938 0.177734
0 0.683594 0.477539 0.085938 0.177734
1 0.777344 0.477539 0.085938 0.177734
1 0.871094 0.477539 0.085938 0.177734
0 0.214844 0.827148 0.085938 0.189453
1 0.308594 0.827148 0.085938 0.189453
1 0.402344 0.827148 0.085938 0.189453
0 0.496094 0.827148 0.085938 0.189453
0 0.589844 0.827148 0.085938 0.189453
1 0.683594 0.827148 0.085938 0.189453
1 0.777344 0.827148 0.085938 0.189453