0 0.167969 0.160156 0.101562 0.160156
1 0.277344 0.160156 0.101562 0.160156
0 0.386719 0.160156 0.101562 0.160156
0 0.496094 0.160156 0.101562 0.160156
0 0.605469 0.160156 0.101562 0.160156
1 0.714844 0.160156 0.101562 0.160156
0 0.824219 0.160156 0.101562 0.160156
0 0.144531 0.459961 0.109375 0.150391
1 0.261719 0.459961 0.109375 0.150391
0 0.378906 0.459961 0.109375 0.150391
1 0.496094 0.459961 0.109375 0.150391
1 0.613281 0.459961 0.109375 0.150391
0 0.730469 0.459961 0.109375 0.150391
0 0.847656 0.459961 0.109375 0.150391