1 0.125868 0.102431 0.098958 0.125000
1 0.231771 0.102431 0.098958 0.125000
1 0.337674 0.102431 0.098958 0.125000
0 0.443576 0.102431 0.098958 0.125000
1 0.549479 0.102431 0.098958 0.125000
0 0.655382 0.102431 0.098958 0.125000
0 0.761285 0.102431 0.098958 0.125000
1 0.867188 0.102431 0.098958 0.125000
0 0.348090 0.371528 0.092014 0.173611
1 0.447049 0.371528 0.092014 0.173611
0 0.546007 0.371528 0.092014 0.173611
1 0.644965 0.371528 0.092014 0.173611
1 0.368924 0.660590 0.078125 0.164931
0 0.453993 0.660590 0.078125 0.164931
1 0.539062 0.660590 0.078125 0.164931
0 0.624132 0.660590 0.078125 0.164931