0 0.127344 0.109375 0.085938 0.112500
0 0.219531 0.109375 0.085938 0.112500
1 0.311719 0.109375 0.085938 0.112500
1 0.403906 0.109375 0.085938 0.112500
1 0.496094 0.109375 0.085938 0.112500
0 0.588281 0.109375 0.085938 0.112500
1 0.680469 0.109375 0.085938 0.112500
1 0.772656 0.109375 0.085938 0.112500
0 0.864844 0.109375 0.085938 0.112500
1 0.146875 0.340625 0.093750 0.146875
0 0.246875 0.340625 0.093750 0.146875
0 0.346875 0.340625 0.093750 0.146875
1 0.446875 0.340625 0.093750 0.146875
1 0.546875 0.340625 0.093750 0.146875
1 0.646875 0.340625 0.093750 0.146875
0 0.746875 0.340625 0.093750 0.146875
0 0.846875 0.340625 0.093750 0.146875
1 0.127344 0.582031 0.085938 0.132812
0 0.219531 0.582031 0.085938 0.132812
0 0.311719 0.582031 0.085938 0.132812
1 0.403906 0.582031 0.085938 0.132812
1 0.496094 0.582031 0.085938 0.132812
1 0.588281 0.582031 0.085938 0.132812
1 0.680469 0.582031 0.085938 0.132812
1 0.772656 0.582031 0.085938 0.132812
1 0.864844 0.582031 0.085938 0.132812