0 0.141493 0.104167 0.081597 0.121528
1 0.230035 0.104167 0.081597 0.121528
1 0.318576 0.104167 0.081597 0.121528
1 0.407118 0.104167 0.081597 0.121528
0 0.495660 0.104167 0.081597 0.121528
1 0.584201 0.104167 0.081597 0.121528
0 0.672743 0.104167 0.081597 0.121528
1 0.761285 0.104167 0.081597 0.121528
0 0.849826 0.104167 0.081597 0.121528
1 0.219618 0.400174 0.085069 0.126736
0 0.311632 0.400174 0.085069 0.126736
1 0.403646 0.400174 0.085069 0.126736
1 0.495660 0.400174 0.085069 0.126736
1 0.587674 0.400174 0.085069 0.126736
1 0.679688 0.400174 0.085069 0.126736
1 0.771701 0.400174 0.085069 0.126736
1 0.229167 0.720486 0.069444 0.170139
0 0.305556 0.720486 0.069444 0.170139
1 0.381944 0.720486 0.069444 0.170139
1 0.458333 0.720486 0.069444 0.170139
1 0.534722 0.720486 0.069444 0.170139
1 0.611111 0.720486 0.069444 0.170139
1 0.687500 0.720486 0.069444 0.170139
0 0.763889 0.720486 0.069444 0.170139