1 0.261285 0.135417 0.071181 0.159722
1 0.339410 0.135417 0.071181 0.159722
1 0.417535 0.135417 0.071181 0.159722
1 0.495660 0.135417 0.071181 0.159722
1 0.573785 0.135417 0.071181 0.159722
1 0.651910 0.135417 0.071181 0.159722
1 0.730035 0.135417 0.071181 0.159722
0 0.324653 0.426215 0.107639 0.133681
0 0.439236 0.426215 0.107639 0.133681
1 0.553819 0.426215 0.107639 0.133681
1 0.668403 0.426215 0.107639 0.133681
1 0.121528 0.702257 0.076389 0.130208
0 0.204861 0.702257 0.076389 0.130208
1 0.288194 0.702257 0.076389 0.130208
0 0.371528 0.702257 0.076389 0.130208
1 0.454861 0.702257 0.076389 0.130208
1 0.538194 0.702257 0.076389 0.130208
1 0.621528 0.702257 0.076389 0.130208
1 0.704861 0.702257 0.076389 0.130208
1 0.788194 0.702257 0.076389 0.130208
1 0.871528 0.702257 0.076389 0.130208