1 0.147461 0.149414 0.091797 0.181641
0 0.247070 0.149414 0.091797 0.181641
1 0.346680 0.149414 0.091797 0.181641
1 0.446289 0.149414 0.091797 0.181641
0 0.545898 0.149414 0.091797 0.181641
0 0.645508 0.149414 0.091797 0.181641
0 0.745117 0.149414 0.091797 0.181641
0 0.844727 0.149414 0.091797 0.181641
0 0.178711 0.500977 0.119141 0.146484
1 0.305664 0.500977 0.119141 0.146484
1 0.432617 0.500977 0.119141 0.146484
1 0.559570 0.500977 0.119141 0.146484
0 0.686523 0.500977 0.119141 0.146484
1 0.813477 0.500977 0.119141 0.146484