0 0.117188 0.106250 0.078125 0.115625
0 0.201563 0.106250 0.078125 0.115625
1 0.285938 0.106250 0.078125 0.115625
1 0.370312 0.106250 0.078125 0.115625
1 0.454688 0.106250 0.078125 0.115625
1 0.539062 0.106250 0.078125 0.115625
0 0.623437 0.106250 0.078125 0.115625
0 0.707812 0.106250 0.078125 0.115625
1 0.792188 0.106250 0.078125 0.115625
1 0.876563 0.106250 0.078125 0.115625
0 0.363281 0.325000 0.082812 0.103125
1 0.452344 0.325000 0.082812 0.103125
1 0.541406 0.325000 0.082812 0.103125
0 0.630469 0.325000 0.082812 0.103125
0 0.262500 0.550000 0.071875 0.128125
1 0.340625 0.550000 0.071875 0.128125
1 0.418750 0.550000 0.071875 0.128125
1 0.496875 0.550000 0.071875 0.128125
0 0.575000 0.550000 0.071875 0.128125
1 0.653125 0.550000 0.071875 0.128125
1 0.731250 0.550000 0.071875 0.128125
0 0.365625 0.788281 0.081250 0.129688
1 0.453125 0.788281 0.081250 0.129688
1 0.540625 0.788281 0.081250 0.129688
1 0.628125 0.788281 0.081250 0.129688