1 0.107639 0.114583 0.090278 0.131944
1 0.204861 0.114583 0.090278 0.131944
0 0.302083 0.114583 0.090278 0.131944
0 0.399306 0.114583 0.090278 0.131944
1 0.496528 0.114583 0.090278 0.131944
1 0.593750 0.114583 0.090278 0.131944
0 0.690972 0.114583 0.090278 0.131944
1 0.788194 0.114583 0.090278 0.131944
1 0.885417 0.114583 0.090278 0.131944
1 0.167535 0.391493 0.102431 0.161458
0 0.276910 0.391493 0.102431 0.161458
0 0.386285 0.391493 0.102431 0.161458
0 0.495660 0.391493 0.102431 0.161458
1 0.605035 0.391493 0.102431 0.161458
1 0.714410 0.391493 0.102431 0.161458
0 0.823785 0.391493 0.102431 0.161458
1 0.156250 0.683160 0.090278 0.161458
1 0.253472 0.683160 0.090278 0.161458
0 0.350694 0.683160 0.090278 0.161458
0 0.447917 0.683160 0.090278 0.161458
0 0.545139 0.683160 0.090278 0.161458
1 0.642361 0.683160 0.090278 0.161458
1 0.739583 0.683160 0.090278 0.161458
0 0.836806 0.683160 0.090278 0.161458