1 0.126953 0.143555 0.097656 0.162109
1 0.232422 0.143555 0.097656 0.162109
0 0.337891 0.143555 0.097656 0.162109
1 0.443359 0.143555 0.097656 0.162109
0 0.548828 0.143555 0.097656 0.162109
0 0.654297 0.143555 0.097656 0.162109
1 0.759766 0.143555 0.097656 0.162109
1 0.865234 0.143555 0.097656 0.162109
0 0.181641 0.482422 0.082031 0.128906
0 0.271484 0.482422 0.082031 0.128906
0 0.361328 0.482422 0.082031 0.128906
1 0.451172 0.482422 0.082031 0.128906
1 0.541016 0.482422 0.082031 0.128906
1 0.630859 0.482422 0.082031 0.128906
0 0.720703 0.482422 0.082031 0.128906
1 0.810547 0.482422 0.082031 0.128906
1 0.178711 0.820312 0.119141 0.160156
1 0.305664 0.820312 0.119141 0.160156
0 0.432617 0.820312 0.119141 0.160156
1 0.559570 0.820312 0.119141 0.160156
1 0.686523 0.820312 0.119141 0.160156
1 0.813477 0.820312 0.119141 0.160156