0 0.191406 0.139063 0.095312 0.153125
0 0.292969 0.139063 0.095312 0.153125
0 0.394531 0.139063 0.095312 0.153125
0 0.496094 0.139063 0.095312 0.153125
1 0.597656 0.139063 0.095312 0.153125
1 0.699219 0.139063 0.095312 0.153125
1 0.800781 0.139063 0.095312 0.153125
1 0.309375 0.433594 0.068750 0.148438
1 0.384375 0.433594 0.068750 0.148438
0 0.459375 0.433594 0.068750 0.148438
1 0.534375 0.433594 0.068750 0.148438
1 0.609375 0.433594 0.068750 0.148438
1 0.684375 0.433594 0.068750 0.148438
0 0.351562 0.714844 0.090625 0.126562
1 0.448437 0.714844 0.090625 0.126562
1 0.545312 0.714844 0.090625 0.126562
1 0.642188 0.714844 0.090625 0.126562