0 0.151042 0.120833 0.106250 0.145833
1 0.265625 0.120833 0.106250 0.145833
1 0.380208 0.120833 0.106250 0.145833
0 0.494792 0.120833 0.106250 0.145833
1 0.609375 0.120833 0.106250 0.145833
1 0.723958 0.120833 0.106250 0.145833
0 0.838542 0.120833 0.106250 0.145833
0 0.163542 0.420833 0.102083 0.187500
1 0.273958 0.420833 0.102083 0.187500
0 0.384375 0.420833 0.102083 0.187500
1 0.494792 0.420833 0.102083 0.187500
1 0.605208 0.420833 0.102083 0.187500
0 0.715625 0.420833 0.102083 0.187500
1 0.826042 0.420833 0.102083 0.187500
0 0.108333 0.738542 0.120833 0.181250
1 0.237500 0.738542 0.120833 0.181250
0 0.366667 0.738542 0.120833 0.181250
1 0.495833 0.738542 0.120833 0.181250
1 0.625000 0.738542 0.120833 0.181250
1 0.754167 0.738542 0.120833 0.181250
1 0.883333 0.738542 0.120833 0.181250