1 0.303711 0.127930 0.087891 0.162109
0 0.399414 0.127930 0.087891 0.162109
1 0.495117 0.127930 0.087891 0.162109
0 0.590820 0.127930 0.087891 0.162109
1 0.686523 0.127930 0.087891 0.162109
0 0.126953 0.442383 0.097656 0.193359
1 0.232422 0.442383 0.097656 0.193359
0 0.337891 0.442383 0.097656 0.193359
0 0.443359 0.442383 0.097656 0.193359
0 0.548828 0.442383 0.097656 0.193359
0 0.654297 0.442383 0.097656 0.193359
0 0.759766 0.442383 0.097656 0.193359
1 0.865234 0.442383 0.097656 0.193359
1 0.114258 0.758789 0.119141 0.166016
1 0.241211 0.758789 0.119141 0.166016
0 0.368164 0.758789 0.119141 0.166016
0 0.495117 0.758789 0.119141 0.166016
1 0.622070 0.758789 0.119141 0.166016
1 0.749023 0.758789 0.119141 0.166016
0 0.875977 0.758789 0.119141 0.166016