1 0.266667 0.134375 0.083333 0.147917
1 0.358333 0.134375 0.083333 0.147917
1 0.450000 0.134375 0.083333 0.147917
1 0.541667 0.134375 0.083333 0.147917
1 0.633333 0.134375 0.083333 0.147917
1 0.725000 0.134375 0.083333 0.147917
1 0.145833 0.491667 0.091667 0.195833
1 0.245833 0.491667 0.091667 0.195833
1 0.345833 0.491667 0.091667 0.195833
0 0.445833 0.491667 0.091667 0.195833
0 0.545833 0.491667 0.091667 0.195833
1 0.645833 0.491667 0.091667 0.195833
1 0.745833 0.491667 0.091667 0.195833
1 0.845833 0.491667 0.091667 0.195833