1 0.177951 0.151910 0.098958 0.164931
1 0.283854 0.151910 0.098958 0.164931
1 0.389757 0.151910 0.098958 0.164931
1 0.495660 0.151910 0.098958 0.164931
1 0.601562 0.151910 0.098958 0.164931
0 0.707465 0.151910 0.098958 0.164931
1 0.813368 0.151910 0.098958 0.164931
1 0.168403 0.478299 0.065972 0.161458
1 0.241319 0.478299 0.065972 0.161458
1 0.314236 0.478299 0.065972 0.161458
1 0.387153 0.478299 0.065972 0.161458
1 0.460069 0.478299 0.065972 0.161458
1 0.532986 0.478299 0.065972 0.161458
1 0.605903 0.478299 0.065972 0.161458
0 0.678819 0.478299 0.065972 0.161458
0 0.751736 0.478299 0.065972 0.161458
1 0.824653 0.478299 0.065972 0.161458
1 0.138021 0.789062 0.095486 0.133681
1 0.240451 0.789062 0.095486 0.133681
0 0.342882 0.789062 0.095486 0.133681
1 0.445312 0.789062 0.095486 0.133681
1 0.547743 0.789062 0.095486 0.133681
1 0.650174 0.789062 0.095486 0.133681
1 0.752604 0.789062 0.095486 0.133681
0 0.855035 0.789062 0.095486 0.133681