1 0.129883 0.083984 0.138672 0.074219
1 0.276367 0.083984 0.138672 0.074219
1 0.422852 0.083984 0.138672 0.074219
1 0.569336 0.083984 0.138672 0.074219
1 0.715820 0.083984 0.138672 0.074219
1 0.862305 0.083984 0.138672 0.074219
1 0.178711 0.282227 0.150391 0.060547
1 0.336914 0.282227 0.150391 0.060547
1 0.495117 0.282227 0.150391 0.060547
1 0.653320 0.282227 0.150391 0.060547
0 0.811523 0.282227 0.150391 0.060547
1 0.120117 0.473633 0.142578 0.060547
0 0.270508 0.473633 0.142578 0.060547
1 0.420898 0.473633 0.142578 0.060547
0 0.571289 0.473633 0.142578 0.060547
0 0.721680 0.473633 0.142578 0.060547
1 0.872070 0.473633 0.142578 0.060547
1 0.207031 0.669922 0.136719 0.070312
1 0.351562 0.669922 0.136719 0.070312
1 0.496094 0.669922 0.136719 0.070312
1 0.640625 0.669922 0.136719 0.070312
0 0.785156 0.669922 0.136719 0.070312