0 0.137153 0.136285 0.072917 0.133681
1 0.217014 0.136285 0.072917 0.133681
0 0.296875 0.136285 0.072917 0.133681
1 0.376736 0.136285 0.072917 0.133681
1 0.456597 0.136285 0.072917 0.133681
0 0.536458 0.136285 0.072917 0.133681
1 0.616319 0.136285 0.072917 0.133681
1 0.696181 0.136285 0.072917 0.133681
1 0.776042 0.136285 0.072917 0.133681
1 0.855903 0.136285 0.072917 0.133681
1 0.141493 0.406250 0.081597 0.173611
0 0.230035 0.406250 0.081597 0.173611
1 0.318576 0.406250 0.081597 0.173611
1 0.407118 0.406250 0.081597 0.173611
1 0.495660 0.406250 0.081597 0.173611
0 0.584201 0.406250 0.081597 0.173611
1 0.672743 0.406250 0.081597 0.173611
1 0.761285 0.406250 0.081597 0.173611
1 0.849826 0.406250 0.081597 0.173611
1 0.167535 0.691840 0.102431 0.164931
1 0.276910 0.691840 0.102431 0.164931
1 0.386285 0.691840 0.102431 0.164931
0 0.495660 0.691840 0.102431 0.164931
1 0.605035 0.691840 0.102431 0.164931
0 0.714410 0.691840 0.102431 0.164931
1 0.823785 0.691840 0.102431 0.164931