0 0.145313 0.067187 0.134375 0.065625
0 0.285938 0.067187 0.134375 0.065625
1 0.426563 0.067187 0.134375 0.065625
0 0.567187 0.067187 0.134375 0.065625
0 0.707812 0.067187 0.134375 0.065625
0 0.848437 0.067187 0.134375 0.065625
1 0.145313 0.246875 0.134375 0.065625
0 0.285938 0.246875 0.134375 0.065625
1 0.426563 0.246875 0.134375 0.065625
0 0.567187 0.246875 0.134375 0.065625
1 0.707812 0.246875 0.134375 0.065625
1 0.848437 0.246875 0.134375 0.065625
1 0.160938 0.426563 0.128125 0.065625
0 0.295312 0.426563 0.128125 0.065625
0 0.429688 0.426563 0.128125 0.065625
0 0.564063 0.426563 0.128125 0.065625
0 0.698438 0.426563 0.128125 0.065625
1 0.832812 0.426563 0.128125 0.065625
1 0.137500 0.605469 0.137500 0.064062
1 0.281250 0.605469 0.137500 0.064062
1 0.425000 0.605469 0.137500 0.064062
1 0.568750 0.605469 0.137500 0.064062
1 0.712500 0.605469 0.137500 0.064062
1 0.856250 0.605469 0.137500 0.064062