1 0.214583 0.151042 0.104167 0.160417
0 0.327083 0.151042 0.104167 0.160417
0 0.439583 0.151042 0.104167 0.160417
1 0.552083 0.151042 0.104167 0.160417
1 0.664583 0.151042 0.104167 0.160417
1 0.777083 0.151042 0.104167 0.160417
1 0.287500 0.436458 0.095833 0.147917
1 0.391667 0.436458 0.095833 0.147917
0 0.495833 0.436458 0.095833 0.147917
0 0.600000 0.436458 0.095833 0.147917
1 0.704167 0.436458 0.095833 0.147917
1 0.167708 0.719792 0.085417 0.156250
1 0.261458 0.719792 0.085417 0.156250
1 0.355208 0.719792 0.085417 0.156250
1 0.448958 0.719792 0.085417 0.156250
0 0.542708 0.719792 0.085417 0.156250
1 0.636458 0.719792 0.085417 0.156250
0 0.730208 0.719792 0.085417 0.156250
0 0.823958 0.719792 0.085417 0.156250