1 0.266406 0.113281 0.070312 0.110937
0 0.342969 0.113281 0.070312 0.110937
0 0.419531 0.113281 0.070312 0.110937
1 0.496094 0.113281 0.070312 0.110937
1 0.572656 0.113281 0.070312 0.110937
1 0.649219 0.113281 0.070312 0.110937
0 0.725781 0.113281 0.070312 0.110937
1 0.139844 0.358594 0.082812 0.114062
1 0.228906 0.358594 0.082812 0.114062
0 0.317969 0.358594 0.082812 0.114062
1 0.407031 0.358594 0.082812 0.114062
1 0.496094 0.358594 0.082812 0.114062
0 0.585156 0.358594 0.082812 0.114062
1 0.674219 0.358594 0.082812 0.114062
1 0.763281 0.358594 0.082812 0.114062
1 0.852344 0.358594 0.082812 0.114062
1 0.125000 0.614062 0.100000 0.131250
0 0.231250 0.614062 0.100000 0.131250
0 0.337500 0.614062 0.100000 0.131250
1 0.443750 0.614062 0.100000 0.131250
1 0.550000 0.614062 0.100000 0.131250
0 0.656250 0.614062 0.100000 0.131250
1 0.762500 0.614062 0.100000 0.131250
1 0.868750 0.614062 0.100000 0.131250