0 0.142361 0.152778 0.111111 0.163194
1 0.260417 0.152778 0.111111 0.163194
0 0.378472 0.152778 0.111111 0.163194
1 0.496528 0.152778 0.111111 0.163194
1 0.614583 0.152778 0.111111 0.163194
1 0.732639 0.152778 0.111111 0.163194
1 0.850694 0.152778 0.111111 0.163194
1 0.204861 0.408854 0.090278 0.130208
0 0.302083 0.408854 0.090278 0.130208
1 0.399306 0.408854 0.090278 0.130208
1 0.496528 0.408854 0.090278 0.130208
1 0.593750 0.408854 0.090278 0.130208
1 0.690972 0.408854 0.090278 0.130208
1 0.788194 0.408854 0.090278 0.130208
1 0.184028 0.666667 0.097222 0.166667
1 0.288194 0.666667 0.097222 0.166667
0 0.392361 0.666667 0.097222 0.166667
0 0.496528 0.666667 0.097222 0.166667
0 0.600694 0.666667 0.097222 0.166667
1 0.704861 0.666667 0.097222 0.166667
1 0.809028 0.666667 0.097222 0.166667