1 0.200521 0.111111 0.140625 0.059028
0 0.348090 0.111111 0.140625 0.059028
1 0.495660 0.111111 0.140625 0.059028
0 0.643229 0.111111 0.140625 0.059028
0 0.790799 0.111111 0.140625 0.059028
1 0.218750 0.322917 0.131944 0.072917
1 0.357639 0.322917 0.131944 0.072917
0 0.496528 0.322917 0.131944 0.072917
1 0.635417 0.322917 0.131944 0.072917
1 0.774306 0.322917 0.131944 0.072917
0 0.197917 0.536458 0.142361 0.062500
1 0.347222 0.536458 0.142361 0.062500
0 0.496528 0.536458 0.142361 0.062500
1 0.645833 0.536458 0.142361 0.062500
1 0.795139 0.536458 0.142361 0.062500
1 0.179688 0.747396 0.151042 0.067708
1 0.337674 0.747396 0.151042 0.067708
0 0.495660 0.747396 0.151042 0.067708
1 0.653646 0.747396 0.151042 0.067708
0 0.811632 0.747396 0.151042 0.067708