0 0.335156 0.121875 0.101562 0.128125
1 0.442969 0.121875 0.101562 0.128125
1 0.550781 0.121875 0.101562 0.128125
1 0.658594 0.121875 0.101562 0.128125
0 0.250781 0.363281 0.064062 0.120313
1 0.321094 0.363281 0.064062 0.120313
1 0.391406 0.363281 0.064062 0.120313
1 0.461719 0.363281 0.064062 0.120313
0 0.532031 0.363281 0.064062 0.120313
0 0.602344 0.363281 0.064062 0.120313
0 0.672656 0.363281 0.064062 0.120313
1 0.742969 0.363281 0.064062 0.120313
1 0.109375 0.613281 0.090625 0.145313
1 0.206250 0.613281 0.090625 0.145313
0 0.303125 0.613281 0.090625 0.145313
1 0.400000 0.613281 0.090625 0.145313
1 0.496875 0.613281 0.090625 0.145313
1 0.593750 0.613281 0.090625 0.145313
1 0.690625 0.613281 0.090625 0.145313
1 0.787500 0.613281 0.090625 0.145313
1 0.884375 0.613281 0.090625 0.145313
0 0.250781 0.862500 0.064062 0.118750
0 0.321094 0.862500 0.064062 0.118750
1 0.391406 0.862500 0.064062 0.118750
1 0.461719 0.862500 0.064062 0.118750
1 0.532031 0.862500 0.064062 0.118750
1 0.602344 0.862500 0.064062 0.118750
0 0.672656 0.862500 0.064062 0.118750
0 0.742969 0.862500 0.064062 0.118750