1 0.235243 0.136285 0.067708 0.140625
1 0.309896 0.136285 0.067708 0.140625
1 0.384549 0.136285 0.067708 0.140625
1 0.459201 0.136285 0.067708 0.140625
0 0.533854 0.136285 0.067708 0.140625
1 0.608507 0.136285 0.067708 0.140625
1 0.683160 0.136285 0.067708 0.140625
1 0.757812 0.136285 0.067708 0.140625
0 0.150174 0.421007 0.092014 0.137153
1 0.249132 0.421007 0.092014 0.137153
0 0.348090 0.421007 0.092014 0.137153
0 0.447049 0.421007 0.092014 0.137153
1 0.546007 0.421007 0.092014 0.137153
0 0.644965 0.421007 0.092014 0.137153
0 0.743924 0.421007 0.092014 0.137153
1 0.842882 0.421007 0.092014 0.137153
0 0.174479 0.707465 0.085069 0.144097
1 0.266493 0.707465 0.085069 0.144097
1 0.358507 0.707465 0.085069 0.144097
1 0.450521 0.707465 0.085069 0.144097
0 0.542535 0.707465 0.085069 0.144097
1 0.634549 0.707465 0.085069 0.144097
1 0.726562 0.707465 0.085069 0.144097
1 0.818576 0.707465 0.085069 0.144097