1 0.099826 0.117188 0.092014 0.161458
0 0.198785 0.117188 0.092014 0.161458
1 0.297743 0.117188 0.092014 0.161458
1 0.396701 0.117188 0.092014 0.161458
1 0.495660 0.117188 0.092014 0.161458
0 0.594618 0.117188 0.092014 0.161458
1 0.693576 0.117188 0.092014 0.161458
1 0.792535 0.117188 0.092014 0.161458
1 0.891493 0.117188 0.092014 0.161458
1 0.093750 0.377604 0.093750 0.151042
1 0.194444 0.377604 0.093750 0.151042
1 0.295139 0.377604 0.093750 0.151042
1 0.395833 0.377604 0.093750 0.151042
1 0.496528 0.377604 0.093750 0.151042
0 0.597222 0.377604 0.093750 0.151042
0 0.697917 0.377604 0.093750 0.151042
1 0.798611 0.377604 0.093750 0.151042
1 0.899306 0.377604 0.093750 0.151042
1 0.107639 0.636285 0.090278 0.157986
1 0.204861 0.636285 0.090278 0.157986
1 0.302083 0.636285 0.090278 0.157986
1 0.399306 0.636285 0.090278 0.157986
0 0.496528 0.636285 0.090278 0.157986
1 0.593750 0.636285 0.090278 0.157986
1 0.690972 0.636285 0.090278 0.157986
1 0.788194 0.636285 0.090278 0.157986
0 0.885417 0.636285 0.090278 0.157986