1 0.191406 0.160156 0.093750 0.128906
0 0.292969 0.160156 0.093750 0.128906
1 0.394531 0.160156 0.093750 0.128906
1 0.496094 0.160156 0.093750 0.128906
1 0.597656 0.160156 0.093750 0.128906
1 0.699219 0.160156 0.093750 0.128906
1 0.800781 0.160156 0.093750 0.128906
0 0.167969 0.473633 0.074219 0.146484
1 0.250000 0.473633 0.074219 0.146484
0 0.332031 0.473633 0.074219 0.146484
1 0.414062 0.473633 0.074219 0.146484
1 0.496094 0.473633 0.074219 0.146484
1 0.578125 0.473633 0.074219 0.146484
1 0.660156 0.473633 0.074219 0.146484
0 0.742188 0.473633 0.074219 0.146484
1 0.824219 0.473633 0.074219 0.146484