1 0.302083 0.116319 0.090278 0.118056
1 0.399306 0.116319 0.090278 0.118056
1 0.496528 0.116319 0.090278 0.118056
1 0.593750 0.116319 0.090278 0.118056
1 0.690972 0.116319 0.090278 0.118056
1 0.156250 0.355035 0.090278 0.137153
0 0.253472 0.355035 0.090278 0.137153
1 0.350694 0.355035 0.090278 0.137153
1 0.447917 0.355035 0.090278 0.137153
0 0.545139 0.355035 0.090278 0.137153
1 0.642361 0.355035 0.090278 0.137153
1 0.739583 0.355035 0.090278 0.137153
1 0.836806 0.355035 0.090278 0.137153
1 0.259549 0.591146 0.060764 0.112847
1 0.327257 0.591146 0.060764 0.112847
0 0.394965 0.591146 0.060764 0.112847
1 0.462674 0.591146 0.060764 0.112847
0 0.530382 0.591146 0.060764 0.112847
1 0.598090 0.591146 0.060764 0.112847
1 0.665799 0.591146 0.060764 0.112847
1 0.733507 0.591146 0.060764 0.112847
1 0.374132 0.822917 0.074653 0.128472
0 0.455729 0.822917 0.074653 0.128472
0 0.537326 0.822917 0.074653 0.128472
1 0.618924 0.822917 0.074653 0.128472