0 0.149306 0.078125 0.131944 0.065972
1 0.288194 0.078125 0.131944 0.065972
1 0.427083 0.078125 0.131944 0.065972
0 0.565972 0.078125 0.131944 0.065972
1 0.704861 0.078125 0.131944 0.065972
1 0.843750 0.078125 0.131944 0.065972
1 0.111111 0.244792 0.121528 0.059028
1 0.239583 0.244792 0.121528 0.059028
1 0.368056 0.244792 0.121528 0.059028
1 0.496528 0.244792 0.121528 0.059028
0 0.625000 0.244792 0.121528 0.059028
1 0.753472 0.244792 0.121528 0.059028
1 0.881944 0.244792 0.121528 0.059028
1 0.177083 0.408854 0.152778 0.060764
1 0.336806 0.408854 0.152778 0.060764
0 0.496528 0.408854 0.152778 0.060764
1 0.656250 0.408854 0.152778 0.060764
0 0.815972 0.408854 0.152778 0.060764
0 0.136285 0.570312 0.137153 0.053819
0 0.280382 0.570312 0.137153 0.053819
0 0.424479 0.570312 0.137153 0.053819
1 0.568576 0.570312 0.137153 0.053819
1 0.712674 0.570312 0.137153 0.053819
0 0.856771 0.570312 0.137153 0.053819
0 0.144965 0.738715 0.168403 0.074653
0 0.320312 0.738715 0.168403 0.074653
1 0.495660 0.738715 0.168403 0.074653
1 0.671007 0.738715 0.168403 0.074653
0 0.846354 0.738715 0.168403 0.074653