1 0.228299 0.101562 0.171875 0.078125
1 0.407118 0.101562 0.171875 0.078125
0 0.585938 0.101562 0.171875 0.078125
1 0.764757 0.101562 0.171875 0.078125
1 0.172743 0.297743 0.154514 0.057292
0 0.334201 0.297743 0.154514 0.057292
0 0.495660 0.297743 0.154514 0.057292
1 0.657118 0.297743 0.154514 0.057292
1 0.818576 0.297743 0.154514 0.057292
1 0.165799 0.486979 0.157986 0.064236
1 0.330729 0.486979 0.157986 0.064236
1 0.495660 0.486979 0.157986 0.064236
1 0.660590 0.486979 0.157986 0.064236
0 0.825521 0.486979 0.157986 0.064236