1 0.238281 0.126562 0.079687 0.106250
1 0.324219 0.126562 0.079687 0.106250
0 0.410156 0.126562 0.079687 0.106250
0 0.496094 0.126562 0.079687 0.106250
1 0.582031 0.126562 0.079687 0.106250
1 0.667969 0.126562 0.079687 0.106250
1 0.753906 0.126562 0.079687 0.106250
1 0.309375 0.382031 0.068750 0.132812
1 0.384375 0.382031 0.068750 0.132812
1 0.459375 0.382031 0.068750 0.132812
0 0.534375 0.382031 0.068750 0.132812
1 0.609375 0.382031 0.068750 0.132812
1 0.684375 0.382031 0.068750 0.132812
1 0.172656 0.650781 0.101562 0.132812
1 0.280469 0.650781 0.101562 0.132812
1 0.388281 0.650781 0.101562 0.132812
1 0.496094 0.650781 0.101562 0.132812
1 0.603906 0.650781 0.101562 0.132812
1 0.711719 0.650781 0.101562 0.132812
1 0.819531 0.650781 0.101562 0.132812