1 0.220703 0.093750 0.175781 0.074219
0 0.404297 0.093750 0.175781 0.074219
1 0.587891 0.093750 0.175781 0.074219
0 0.771484 0.093750 0.175781 0.074219
1 0.134766 0.352539 0.136719 0.076172
1 0.279297 0.352539 0.136719 0.076172
1 0.423828 0.352539 0.136719 0.076172
1 0.568359 0.352539 0.136719 0.076172
1 0.712891 0.352539 0.136719 0.076172
1 0.857422 0.352539 0.136719 0.076172
0 0.152344 0.605469 0.164062 0.062500
0 0.324219 0.605469 0.164062 0.062500
0 0.496094 0.605469 0.164062 0.062500
1 0.667969 0.605469 0.164062 0.062500
0 0.839844 0.605469 0.164062 0.062500