1 0.142361 0.134549 0.111111 0.133681
0 0.260417 0.134549 0.111111 0.133681
1 0.378472 0.134549 0.111111 0.133681
1 0.496528 0.134549 0.111111 0.133681
1 0.614583 0.134549 0.111111 0.133681
1 0.732639 0.134549 0.111111 0.133681
1 0.850694 0.134549 0.111111 0.133681
1 0.136285 0.438368 0.112847 0.130208
1 0.256076 0.438368 0.112847 0.130208
1 0.375868 0.438368 0.112847 0.130208
1 0.495660 0.438368 0.112847 0.130208
1 0.615451 0.438368 0.112847 0.130208
1 0.735243 0.438368 0.112847 0.130208
1 0.855035 0.438368 0.112847 0.130208