0 0.127604 0.160590 0.085069 0.151042
0 0.219618 0.160590 0.085069 0.151042
1 0.311632 0.160590 0.085069 0.151042
1 0.403646 0.160590 0.085069 0.151042
1 0.495660 0.160590 0.085069 0.151042
0 0.587674 0.160590 0.085069 0.151042
1 0.679688 0.160590 0.085069 0.151042
1 0.771701 0.160590 0.085069 0.151042
1 0.863715 0.160590 0.085069 0.151042
1 0.288194 0.422743 0.097222 0.147569
1 0.392361 0.422743 0.097222 0.147569
1 0.496528 0.422743 0.097222 0.147569
0 0.600694 0.422743 0.097222 0.147569
1 0.704861 0.422743 0.097222 0.147569
1 0.135417 0.675347 0.083333 0.131944
1 0.225694 0.675347 0.083333 0.131944
1 0.315972 0.675347 0.083333 0.131944
1 0.406250 0.675347 0.083333 0.131944
1 0.496528 0.675347 0.083333 0.131944
1 0.586806 0.675347 0.083333 0.131944
1 0.677083 0.675347 0.083333 0.131944
1 0.767361 0.675347 0.083333 0.131944
1 0.857639 0.675347 0.083333 0.131944