1 0.236458 0.113542 0.164583 0.077083
0 0.409375 0.113542 0.164583 0.077083
1 0.582292 0.113542 0.164583 0.077083
1 0.755208 0.113542 0.164583 0.077083
1 0.173958 0.328125 0.152083 0.089583
1 0.334375 0.328125 0.152083 0.089583
0 0.494792 0.328125 0.152083 0.089583
0 0.655208 0.328125 0.152083 0.089583
1 0.815625 0.328125 0.152083 0.089583
1 0.223958 0.550000 0.172917 0.091667
1 0.405208 0.550000 0.172917 0.091667
1 0.586458 0.550000 0.172917 0.091667
1 0.767708 0.550000 0.172917 0.091667
0 0.227083 0.769792 0.170833 0.085417
1 0.406250 0.769792 0.170833 0.085417
1 0.585417 0.769792 0.170833 0.085417
1 0.764583 0.769792 0.170833 0.085417