0 0.358507 0.119792 0.085069 0.131944
0 0.450521 0.119792 0.085069 0.131944
1 0.542535 0.119792 0.085069 0.131944
1 0.634549 0.119792 0.085069 0.131944
1 0.097222 0.371528 0.072917 0.145833
1 0.177083 0.371528 0.072917 0.145833
1 0.256944 0.371528 0.072917 0.145833
1 0.336806 0.371528 0.072917 0.145833
0 0.416667 0.371528 0.072917 0.145833
1 0.496528 0.371528 0.072917 0.145833
1 0.576389 0.371528 0.072917 0.145833
0 0.656250 0.371528 0.072917 0.145833
1 0.736111 0.371528 0.072917 0.145833
0 0.815972 0.371528 0.072917 0.145833
1 0.895833 0.371528 0.072917 0.145833
1 0.105035 0.615451 0.064236 0.116319
1 0.176215 0.615451 0.064236 0.116319
0 0.247396 0.615451 0.064236 0.116319
0 0.318576 0.615451 0.064236 0.116319
1 0.389757 0.615451 0.064236 0.116319
1 0.460938 0.615451 0.064236 0.116319
0 0.532118 0.615451 0.064236 0.116319
1 0.603299 0.615451 0.064236 0.116319
0 0.674479 0.615451 0.064236 0.116319
1 0.745660 0.615451 0.064236 0.116319
1 0.816840 0.615451 0.064236 0.116319
1 0.888021 0.615451 0.064236 0.116319
1 0.163194 0.861979 0.076389 0.151042
0 0.246528 0.861979 0.076389 0.151042
1 0.329861 0.861979 0.076389 0.151042
1 0.413194 0.861979 0.076389 0.151042
0 0.496528 0.861979 0.076389 0.151042
0 0.579861 0.861979 0.076389 0.151042
1 0.663194 0.861979 0.076389 0.151042
1 0.746528 0.861979 0.076389 0.151042
0 0.829861 0.861979 0.076389 0.151042