1 0.236111 0.127604 0.079861 0.112847
1 0.322917 0.127604 0.079861 0.112847
1 0.409722 0.127604 0.079861 0.112847
1 0.496528 0.127604 0.079861 0.112847
1 0.583333 0.127604 0.079861 0.112847
1 0.670139 0.127604 0.079861 0.112847
1 0.756944 0.127604 0.079861 0.112847
0 0.266493 0.369792 0.085069 0.156250
1 0.358507 0.369792 0.085069 0.156250
1 0.450521 0.369792 0.085069 0.156250
1 0.542535 0.369792 0.085069 0.156250
1 0.634549 0.369792 0.085069 0.156250
1 0.726562 0.369792 0.085069 0.156250
0 0.253472 0.620660 0.062500 0.130208
0 0.322917 0.620660 0.062500 0.130208
0 0.392361 0.620660 0.062500 0.130208
0 0.461806 0.620660 0.062500 0.130208
0 0.531250 0.620660 0.062500 0.130208
0 0.600694 0.620660 0.062500 0.130208
1 0.670139 0.620660 0.062500 0.130208
1 0.739583 0.620660 0.062500 0.130208