0 0.327257 0.112847 0.060764 0.138889
1 0.394965 0.112847 0.060764 0.138889
1 0.462674 0.112847 0.060764 0.138889
1 0.530382 0.112847 0.060764 0.138889
1 0.598090 0.112847 0.060764 0.138889
0 0.665799 0.112847 0.060764 0.138889
1 0.250868 0.422743 0.074653 0.133681
1 0.332465 0.422743 0.074653 0.133681
0 0.414062 0.422743 0.074653 0.133681
0 0.495660 0.422743 0.074653 0.133681
0 0.577257 0.422743 0.074653 0.133681
1 0.658854 0.422743 0.074653 0.133681
1 0.740451 0.422743 0.074653 0.133681
1 0.309896 0.722222 0.067708 0.118056
1 0.384549 0.722222 0.067708 0.118056
0 0.459201 0.722222 0.067708 0.118056
1 0.533854 0.722222 0.067708 0.118056
1 0.608507 0.722222 0.067708 0.118056
1 0.683160 0.722222 0.067708 0.118056