0 0.170833 0.096875 0.208333 0.089583
1 0.387500 0.096875 0.208333 0.089583
1 0.604167 0.096875 0.208333 0.089583
1 0.820833 0.096875 0.208333 0.089583
0 0.173958 0.370833 0.152083 0.087500
1 0.334375 0.370833 0.152083 0.087500
1 0.494792 0.370833 0.152083 0.087500
0 0.655208 0.370833 0.152083 0.087500
1 0.815625 0.370833 0.152083 0.087500
1 0.145833 0.645833 0.166667 0.091667
0 0.320833 0.645833 0.166667 0.091667
1 0.495833 0.645833 0.166667 0.091667
1 0.670833 0.645833 0.166667 0.091667
1 0.845833 0.645833 0.166667 0.091667