1 0.126953 0.158203 0.097656 0.183594
1 0.232422 0.158203 0.097656 0.183594
1 0.337891 0.158203 0.097656 0.183594
1 0.443359 0.158203 0.097656 0.183594
0 0.548828 0.158203 0.097656 0.183594
0 0.654297 0.158203 0.097656 0.183594
0 0.759766 0.158203 0.097656 0.183594
1 0.865234 0.158203 0.097656 0.183594
1 0.217773 0.480469 0.103516 0.164062
0 0.329102 0.480469 0.103516 0.164062
1 0.440430 0.480469 0.103516 0.164062
0 0.551758 0.480469 0.103516 0.164062
0 0.663086 0.480469 0.103516 0.164062
1 0.774414 0.480469 0.103516 0.164062
1 0.193359 0.788086 0.113281 0.154297
0 0.314453 0.788086 0.113281 0.154297
1 0.435547 0.788086 0.113281 0.154297
1 0.556641 0.788086 0.113281 0.154297
1 0.677734 0.788086 0.113281 0.154297
1 0.798828 0.788086 0.113281 0.154297