1 0.238281 0.139063 0.079687 0.125000
0 0.324219 0.139063 0.079687 0.125000
0 0.410156 0.139063 0.079687 0.125000
1 0.496094 0.139063 0.079687 0.125000
0 0.582031 0.139063 0.079687 0.125000
1 0.667969 0.139063 0.079687 0.125000
1 0.753906 0.139063 0.079687 0.125000
1 0.227344 0.414844 0.060937 0.139063
1 0.294531 0.414844 0.060937 0.139063
1 0.361719 0.414844 0.060937 0.139063
1 0.428906 0.414844 0.060937 0.139063
1 0.496094 0.414844 0.060937 0.139063
1 0.563281 0.414844 0.060937 0.139063
1 0.630469 0.414844 0.060937 0.139063
1 0.697656 0.414844 0.060937 0.139063
0 0.764844 0.414844 0.060937 0.139063
1 0.293750 0.679688 0.075000 0.103125
1 0.375000 0.679688 0.075000 0.103125
0 0.456250 0.679688 0.075000 0.103125
1 0.537500 0.679688 0.075000 0.103125
0 0.618750 0.679688 0.075000 0.103125
0 0.700000 0.679688 0.075000 0.103125