1 0.174479 0.118056 0.085069 0.135417
0 0.266493 0.118056 0.085069 0.135417
1 0.358507 0.118056 0.085069 0.135417
1 0.450521 0.118056 0.085069 0.135417
0 0.542535 0.118056 0.085069 0.135417
1 0.634549 0.118056 0.085069 0.135417
1 0.726562 0.118056 0.085069 0.135417
1 0.818576 0.118056 0.085069 0.135417
0 0.230035 0.366319 0.081597 0.128472
0 0.318576 0.366319 0.081597 0.128472
1 0.407118 0.366319 0.081597 0.128472
1 0.495660 0.366319 0.081597 0.128472
1 0.584201 0.366319 0.081597 0.128472
1 0.672743 0.366319 0.081597 0.128472
1 0.761285 0.366319 0.081597 0.128472
1 0.150174 0.622396 0.092014 0.151042
0 0.249132 0.622396 0.092014 0.151042
1 0.348090 0.622396 0.092014 0.151042
1 0.447049 0.622396 0.092014 0.151042
0 0.546007 0.622396 0.092014 0.151042
1 0.644965 0.622396 0.092014 0.151042
1 0.743924 0.622396 0.092014 0.151042
1 0.842882 0.622396 0.092014 0.151042