1 0.121875 0.127344 0.068750 0.154688
1 0.196875 0.127344 0.068750 0.154688
0 0.271875 0.127344 0.068750 0.154688
1 0.346875 0.127344 0.068750 0.154688
1 0.421875 0.127344 0.068750 0.154688
1 0.496875 0.127344 0.068750 0.154688
1 0.571875 0.127344 0.068750 0.154688
0 0.646875 0.127344 0.068750 0.154688
1 0.721875 0.127344 0.068750 0.154688
1 0.796875 0.127344 0.068750 0.154688
1 0.871875 0.127344 0.068750 0.154688
0 0.152344 0.392969 0.070312 0.132812
1 0.228906 0.392969 0.070312 0.132812
1 0.305469 0.392969 0.070312 0.132812
1 0.382031 0.392969 0.070312 0.132812
0 0.458594 0.392969 0.070312 0.132812
1 0.535156 0.392969 0.070312 0.132812
1 0.611719 0.392969 0.070312 0.132812
1 0.688281 0.392969 0.070312 0.132812
1 0.764844 0.392969 0.070312 0.132812
1 0.841406 0.392969 0.070312 0.132812
0 0.246875 0.638281 0.093750 0.114062
0 0.346875 0.638281 0.093750 0.114062
1 0.446875 0.638281 0.093750 0.114062
1 0.546875 0.638281 0.093750 0.114062
1 0.646875 0.638281 0.093750 0.114062
1 0.746875 0.638281 0.093750 0.114062