1 0.135417 0.136285 0.083333 0.140625
1 0.225694 0.136285 0.083333 0.140625
0 0.315972 0.136285 0.083333 0.140625
1 0.406250 0.136285 0.083333 0.140625
1 0.496528 0.136285 0.083333 0.140625
1 0.586806 0.136285 0.083333 0.140625
1 0.677083 0.136285 0.083333 0.140625
1 0.767361 0.136285 0.083333 0.140625
1 0.857639 0.136285 0.083333 0.140625
0 0.105035 0.445312 0.071181 0.151042
1 0.183160 0.445312 0.071181 0.151042
0 0.261285 0.445312 0.071181 0.151042
0 0.339410 0.445312 0.071181 0.151042
1 0.417535 0.445312 0.071181 0.151042
1 0.495660 0.445312 0.071181 0.151042
1 0.573785 0.445312 0.071181 0.151042
1 0.651910 0.445312 0.071181 0.151042
0 0.730035 0.445312 0.071181 0.151042
0 0.808160 0.445312 0.071181 0.151042
1 0.886285 0.445312 0.071181 0.151042
0 0.156250 0.758681 0.090278 0.149306
1 0.253472 0.758681 0.090278 0.149306
1 0.350694 0.758681 0.090278 0.149306
1 0.447917 0.758681 0.090278 0.149306
1 0.545139 0.758681 0.090278 0.149306
0 0.642361 0.758681 0.090278 0.149306
1 0.739583 0.758681 0.090278 0.149306
1 0.836806 0.758681 0.090278 0.149306