1 0.121528 0.147569 0.076389 0.163194
1 0.204861 0.147569 0.076389 0.163194
1 0.288194 0.147569 0.076389 0.163194
1 0.371528 0.147569 0.076389 0.163194
1 0.454861 0.147569 0.076389 0.163194
1 0.538194 0.147569 0.076389 0.163194
1 0.621528 0.147569 0.076389 0.163194
0 0.704861 0.147569 0.076389 0.163194
1 0.788194 0.147569 0.076389 0.163194
1 0.871528 0.147569 0.076389 0.163194
0 0.138021 0.420139 0.095486 0.145833
1 0.240451 0.420139 0.095486 0.145833
1 0.342882 0.420139 0.095486 0.145833
1 0.445312 0.420139 0.095486 0.145833
1 0.547743 0.420139 0.095486 0.145833
0 0.650174 0.420139 0.095486 0.145833
1 0.752604 0.420139 0.095486 0.145833
1 0.855035 0.420139 0.095486 0.145833