1 0.149414 0.145508 0.107422 0.142578
0 0.264648 0.145508 0.107422 0.142578
1 0.379883 0.145508 0.107422 0.142578
1 0.495117 0.145508 0.107422 0.142578
0 0.610352 0.145508 0.107422 0.142578
1 0.725586 0.145508 0.107422 0.142578
0 0.840820 0.145508 0.107422 0.142578
1 0.121094 0.488281 0.085938 0.156250
1 0.214844 0.488281 0.085938 0.156250
0 0.308594 0.488281 0.085938 0.156250
0 0.402344 0.488281 0.085938 0.156250
1 0.496094 0.488281 0.085938 0.156250
1 0.589844 0.488281 0.085938 0.156250
0 0.683594 0.488281 0.085938 0.156250
0 0.777344 0.488281 0.085938 0.156250
0 0.871094 0.488281 0.085938 0.156250