1 0.137500 0.146875 0.065625 0.146875
1 0.209375 0.146875 0.065625 0.146875
0 0.281250 0.146875 0.065625 0.146875
0 0.353125 0.146875 0.065625 0.146875
1 0.425000 0.146875 0.065625 0.146875
0 0.496875 0.146875 0.065625 0.146875
1 0.568750 0.146875 0.065625 0.146875
1 0.640625 0.146875 0.065625 0.146875
1 0.712500 0.146875 0.065625 0.146875
1 0.784375 0.146875 0.065625 0.146875
1 0.856250 0.146875 0.065625 0.146875
1 0.131250 0.403906 0.075000 0.126562
1 0.212500 0.403906 0.075000 0.126562
1 0.293750 0.403906 0.075000 0.126562
0 0.375000 0.403906 0.075000 0.126562
0 0.456250 0.403906 0.075000 0.126562
1 0.537500 0.403906 0.075000 0.126562
1 0.618750 0.403906 0.075000 0.126562
1 0.700000 0.403906 0.075000 0.126562
1 0.781250 0.403906 0.075000 0.126562
0 0.862500 0.403906 0.075000 0.126562
0 0.166406 0.657031 0.067187 0.139063
1 0.239844 0.657031 0.067187 0.139063
0 0.313281 0.657031 0.067187 0.139063
1 0.386719 0.657031 0.067187 0.139063
0 0.460156 0.657031 0.067187 0.139063
0 0.533594 0.657031 0.067187 0.139063
0 0.607031 0.657031 0.067187 0.139063
1 0.680469 0.657031 0.067187 0.139063
0 0.753906 0.657031 0.067187 0.139063
1 0.827344 0.657031 0.067187 0.139063