1 0.181641 0.120117 0.082031 0.162109
1 0.271484 0.120117 0.082031 0.162109
1 0.361328 0.120117 0.082031 0.162109
0 0.451172 0.120117 0.082031 0.162109
1 0.541016 0.120117 0.082031 0.162109
1 0.630859 0.120117 0.082031 0.162109
1 0.720703 0.120117 0.082031 0.162109
0 0.810547 0.120117 0.082031 0.162109
1 0.167969 0.441406 0.074219 0.140625
1 0.250000 0.441406 0.074219 0.140625
1 0.332031 0.441406 0.074219 0.140625
1 0.414062 0.441406 0.074219 0.140625
0 0.496094 0.441406 0.074219 0.140625
1 0.578125 0.441406 0.074219 0.140625
1 0.660156 0.441406 0.074219 0.140625
0 0.742188 0.441406 0.074219 0.140625
1 0.824219 0.441406 0.074219 0.140625
1 0.212891 0.759766 0.105469 0.156250
0 0.326172 0.759766 0.105469 0.156250
1 0.439453 0.759766 0.105469 0.156250
1 0.552734 0.759766 0.105469 0.156250
0 0.666016 0.759766 0.105469 0.156250
1 0.779297 0.759766 0.105469 0.156250