1 0.127604 0.133681 0.085069 0.145833
1 0.219618 0.133681 0.085069 0.145833
1 0.311632 0.133681 0.085069 0.145833
1 0.403646 0.133681 0.085069 0.145833
0 0.495660 0.133681 0.085069 0.145833
1 0.587674 0.133681 0.085069 0.145833
0 0.679688 0.133681 0.085069 0.145833
0 0.771701 0.133681 0.085069 0.145833
1 0.863715 0.133681 0.085069 0.145833
1 0.135417 0.419271 0.083333 0.147569
0 0.225694 0.419271 0.083333 0.147569
1 0.315972 0.419271 0.083333 0.147569
1 0.406250 0.419271 0.083333 0.147569
1 0.496528 0.419271 0.083333 0.147569
0 0.586806 0.419271 0.083333 0.147569
0 0.677083 0.419271 0.083333 0.147569
1 0.767361 0.419271 0.083333 0.147569
1 0.857639 0.419271 0.083333 0.147569
1 0.198785 0.706597 0.092014 0.149306
1 0.297743 0.706597 0.092014 0.149306
1 0.396701 0.706597 0.092014 0.149306
1 0.495660 0.706597 0.092014 0.149306
1 0.594618 0.706597 0.092014 0.149306
1 0.693576 0.706597 0.092014 0.149306
1 0.792535 0.706597 0.092014 0.149306