1 0.137500 0.160156 0.165625 0.210938
1 0.318750 0.160156 0.165625 0.210938
0 0.500000 0.160156 0.165625 0.210938
1 0.681250 0.160156 0.165625 0.210938
1 0.862500 0.160156 0.165625 0.210938
0 0.137500 0.386719 0.165625 0.210938
0 0.318750 0.386719 0.165625 0.210938
1 0.500000 0.386719 0.165625 0.210938
1 0.681250 0.386719 0.165625 0.210938
0 0.862500 0.386719 0.165625 0.210938
0 0.137500 0.613281 0.165625 0.210938
0 0.318750 0.613281 0.165625 0.210938
1 0.500000 0.613281 0.165625 0.210938
1 0.681250 0.613281 0.165625 0.210938
1 0.862500 0.613281 0.165625 0.210938
1 0.137500 0.839844 0.165625 0.210938
1 0.318750 0.839844 0.165625 0.210938
0 0.500000 0.839844 0.165625 0.210938
1 0.681250 0.839844 0.165625 0.210938
0 0.862500 0.839844 0.165625 0.210938