1 0.121875 0.160156 0.134375 0.210938
1 0.271875 0.160156 0.134375 0.210938
1 0.421875 0.160156 0.134375 0.210938
1 0.571875 0.160156 0.134375 0.210938
1 0.721875 0.160156 0.134375 0.210938
1 0.871875 0.160156 0.134375 0.210938
1 0.121875 0.386719 0.134375 0.210938
1 0.271875 0.386719 0.134375 0.210938
1 0.421875 0.386719 0.134375 0.210938
1 0.571875 0.386719 0.134375 0.210938
1 0.721875 0.386719 0.134375 0.210938
1 0.871875 0.386719 0.134375 0.210938
1 0.121875 0.613281 0.134375 0.210938
1 0.271875 0.613281 0.134375 0.210938
0 0.421875 0.613281 0.134375 0.210938
0 0.571875 0.613281 0.134375 0.210938
1 0.721875 0.613281 0.134375 0.210938
1 0.871875 0.613281 0.134375 0.210938
1 0.121875 0.839844 0.134375 0.210938
0 0.271875 0.839844 0.134375 0.210938
1 0.421875 0.839844 0.134375 0.210938
1 0.571875 0.839844 0.134375 0.210938
0 0.721875 0.839844 0.134375 0.210938
0 0.871875 0.839844 0.134375 0.210938