1 0.160156 0.160156 0.210938 0.210938
1 0.386719 0.160156 0.210938 0.210938
0 0.613281 0.160156 0.210938 0.210938
1 0.839844 0.160156 0.210938 0.210938
1 0.160156 0.386719 0.210938 0.210938
0 0.386719 0.386719 0.210938 0.210938
1 0.613281 0.386719 0.210938 0.210938
1 0.839844 0.386719 0.210938 0.210938
1 0.160156 0.613281 0.210938 0.210938
1 0.386719 0.613281 0.210938 0.210938
1 0.613281 0.613281 0.210938 0.210938
1 0.839844 0.613281 0.210938 0.210938
0 0.160156 0.839844 0.210938 0.210938
0 0.386719 0.839844 0.210938 0.210938
1 0.613281 0.839844 0.210938 0.210938
0 0.839844 0.839844 0.210938 0.210938