1 0.121875 0.197656 0.134375 0.285938
1 0.271875 0.197656 0.134375 0.285938
1 0.421875 0.197656 0.134375 0.285938
1 0.571875 0.197656 0.134375 0.285938
0 0.721875 0.197656 0.134375 0.285938
0 0.871875 0.197656 0.134375 0.285938
0 0.121875 0.499219 0.134375 0.285938
1 0.271875 0.499219 0.134375 0.285938
1 0.421875 0.499219 0.134375 0.285938
1 0.571875 0.499219 0.134375 0.285938
0 0.721875 0.499219 0.134375 0.285938
1 0.871875 0.499219 0.134375 0.285938
1 0.121875 0.800781 0.134375 0.285938
1 0.271875 0.800781 0.134375 0.285938
0 0.421875 0.800781 0.134375 0.285938
1 0.571875 0.800781 0.134375 0.285938
1 0.721875 0.800781 0.134375 0.285938
1 0.871875 0.800781 0.134375 0.285938