1 0.157812 0.192188 0.150000 0.184375
0 0.323437 0.192188 0.150000 0.184375
0 0.489063 0.192188 0.150000 0.184375
0 0.654687 0.192188 0.150000 0.184375
0 0.820312 0.192188 0.150000 0.184375
1 0.157812 0.392188 0.150000 0.184375
1 0.323437 0.392188 0.150000 0.184375
1 0.489063 0.392188 0.150000 0.184375
1 0.654687 0.392188 0.150000 0.184375
1 0.820312 0.392188 0.150000 0.184375
1 0.157812 0.592187 0.150000 0.184375
1 0.323437 0.592187 0.150000 0.184375
1 0.489063 0.592187 0.150000 0.184375
1 0.654687 0.592187 0.150000 0.184375
0 0.820312 0.592187 0.150000 0.184375
0 0.157812 0.792188 0.150000 0.184375
1 0.323437 0.792188 0.150000 0.184375
0 0.489063 0.792188 0.150000 0.184375
1 0.654687 0.792188 0.150000 0.184375
0 0.820312 0.792188 0.150000 0.184375