0 0.192188 0.192188 0.184375 0.184375
1 0.392188 0.192188 0.184375 0.184375
1 0.592187 0.192188 0.184375 0.184375
1 0.792188 0.192188 0.184375 0.184375
0 0.192188 0.392188 0.184375 0.184375
1 0.392188 0.392188 0.184375 0.184375
0 0.592187 0.392188 0.184375 0.184375
1 0.792188 0.392188 0.184375 0.184375
1 0.192188 0.592187 0.184375 0.184375
1 0.392188 0.592187 0.184375 0.184375
0 0.592187 0.592187 0.184375 0.184375
1 0.792188 0.592187 0.184375 0.184375
0 0.192188 0.792188 0.184375 0.184375
0 0.392188 0.792188 0.184375 0.184375
1 0.592187 0.792188 0.184375 0.184375
1 0.792188 0.792188 0.184375 0.184375