1 0.157812 0.242188 0.150000 0.234375
1 0.323437 0.242188 0.150000 0.234375
0 0.489063 0.242188 0.150000 0.234375
0 0.654687 0.242188 0.150000 0.234375
1 0.820312 0.242188 0.150000 0.234375
1 0.157812 0.492188 0.150000 0.234375
1 0.323437 0.492188 0.150000 0.234375
0 0.489063 0.492188 0.150000 0.234375
1 0.654687 0.492188 0.150000 0.234375
0 0.820312 0.492188 0.150000 0.234375
0 0.157812 0.742188 0.150000 0.234375
1 0.323437 0.742188 0.150000 0.234375
0 0.489063 0.742188 0.150000 0.234375
0 0.654687 0.742188 0.150000 0.234375
1 0.820312 0.742188 0.150000 0.234375