0 0.133594 0.192188 0.126562 0.184375
0 0.275781 0.192188 0.126562 0.184375
1 0.417969 0.192188 0.126562 0.184375
1 0.560156 0.192188 0.126562 0.184375
0 0.702344 0.192188 0.126562 0.184375
0 0.844531 0.192188 0.126562 0.184375
0 0.133594 0.392188 0.126562 0.184375
1 0.275781 0.392188 0.126562 0.184375
0 0.417969 0.392188 0.126562 0.184375
1 0.560156 0.392188 0.126562 0.184375
1 0.702344 0.392188 0.126562 0.184375
0 0.844531 0.392188 0.126562 0.184375
1 0.133594 0.592187 0.126562 0.184375
0 0.275781 0.592187 0.126562 0.184375
0 0.417969 0.592187 0.126562 0.184375
1 0.560156 0.592187 0.126562 0.184375
0 0.702344 0.592187 0.126562 0.184375
0 0.844531 0.592187 0.126562 0.184375
0 0.133594 0.792188 0.126562 0.184375
1 0.275781 0.792188 0.126562 0.184375
1 0.417969 0.792188 0.126562 0.184375
1 0.560156 0.792188 0.126562 0.184375
0 0.702344 0.792188 0.126562 0.184375
1 0.844531 0.792188 0.126562 0.184375