1 0.117188 0.192188 0.109375 0.184375
1 0.242188 0.192188 0.109375 0.184375
1 0.367188 0.192188 0.109375 0.184375
1 0.492188 0.192188 0.109375 0.184375
1 0.617188 0.192188 0.109375 0.184375
0 0.742188 0.192188 0.109375 0.184375
1 0.867188 0.192188 0.109375 0.184375
0 0.117188 0.392188 0.109375 0.184375
0 0.242188 0.392188 0.109375 0.184375
0 0.367188 0.392188 0.109375 0.184375
1 0.492188 0.392188 0.109375 0.184375
1 0.617188 0.392188 0.109375 0.184375
1 0.742188 0.392188 0.109375 0.184375
1 0.867188 0.392188 0.109375 0.184375
1 0.117188 0.592187 0.109375 0.184375
1 0.242188 0.592187 0.109375 0.184375
1 0.367188 0.592187 0.109375 0.184375
1 0.492188 0.592187 0.109375 0.184375
0 0.617188 0.592187 0.109375 0.184375
1 0.742188 0.592187 0.109375 0.184375
0 0.867188 0.592187 0.109375 0.184375
1 0.117188 0.792188 0.109375 0.184375
0 0.242188 0.792188 0.109375 0.184375
0 0.367188 0.792188 0.109375 0.184375
0 0.492188 0.792188 0.109375 0.184375
1 0.617188 0.792188 0.109375 0.184375
0 0.742188 0.792188 0.109375 0.184375
1 0.867188 0.792188 0.109375 0.184375