0 0.117188 0.324219 0.109375 0.317188
0 0.242188 0.324219 0.109375 0.317188
1 0.367188 0.324219 0.109375 0.317188
1 0.492188 0.324219 0.109375 0.317188
0 0.617188 0.324219 0.109375 0.317188
0 0.742188 0.324219 0.109375 0.317188
0 0.867188 0.324219 0.109375 0.317188
0 0.117188 0.657031 0.109375 0.317188
1 0.242188 0.657031 0.109375 0.317188
1 0.367188 0.657031 0.109375 0.317188
0 0.492188 0.657031 0.109375 0.317188
1 0.617188 0.657031 0.109375 0.317188
1 0.742188 0.657031 0.109375 0.317188
1 0.867188 0.657031 0.109375 0.317188